timestamp,0/Active Power,1/Active Power
2023-02-01 00:00:27.679000,-0.5013311505317688,0.2519000768661499
2023-02-01 00:01:27.585000,-0.5133123397827148,0.24900272488594055
2023-02-01 00:02:27.499000,-0.4688242971897125,0.2587502598762512
2023-02-01 00:03:27.618000,-0.4284323453903198,0.2729882001876831
2023-02-01 00:04:27.715000,-0.44981199502944946,0.28740596771240234
2023-02-01 00:05:27.582000,-0.5266627073287964,0.30661413073539734
2023-02-01 00:06:27.459000,-0.4818906784057617,0.363911509513855
2023-02-01 00:07:27.568000,-0.5020377039909363,0.3901180028915405
2023-02-01 00:08:27.504000,-0.40516114234924316,0.4181669354438782
2023-02-01 00:09:27.504000,-0.43113505840301514,0.45359688997268677
2023-02-01 00:10:27.609000,-2.3491857051849365,0.5008798837661743
2023-02-01 00:11:27.577000,-3.2718565464019775,0.4799075722694397
2023-02-01 00:12:27.531000,-1.840949535369873,0.475005567073822
2023-02-01 00:13:27.579000,-0.5542594790458679,0.4376429319381714
2023-02-01 00:14:27.524000,-0.5229089260101318,0.556442141532898
2023-02-01 00:15:27.545000,-0.47394299507141113,0.527311384677887
2023-02-01 00:16:27.589000,-0.4731273055076599,0.5208892226219177
2023-02-01 00:17:27.578000,-0.5519338250160217,0.5695821046829224
2023-02-01 00:18:27.526000,-0.5581163167953491,0.6252067685127258
2023-02-01 00:19:27.506000,-0.5062352418899536,0.647548258304596
2023-02-01 00:20:27.561000,-0.5138680934906006,0.6344097852706909
2023-02-01 00:21:27.486000,-0.5275497436523438,0.6595360636711121
2023-02-01 00:22:27.574000,-0.525101900100708,0.698813259601593
2023-02-01 00:23:27.563000,-0.5331860184669495,0.7229827642440796
2023-02-01 00:24:27.507000,-0.5366681814193726,0.7898699045181274
2023-02-01 00:25:27.545000,-0.5453014373779297,0.7744174599647522
2023-02-01 00:26:27.528000,-0.527750551700592,0.8011472225189209
2023-02-01 00:27:27.404000,-1.7582261562347412,0.8151917457580566
2023-02-01 00:28:27.567000,-1.7982028722763062,0.791454553604126
2023-02-01 00:29:27.524000,-0.519295871257782,0.8539443612098694
2023-02-01 00:30:27.598000,-0.5495952367782593,0.846606433391571
2023-02-01 00:31:27.471000,-0.5007178783416748,0.7626886367797852
2023-02-01 00:32:27.477000,-0.44191595911979675,0.8753722310066223
2023-02-01 00:33:27.443000,-0.4922371506690979,0.8690620064735413
2023-02-01 00:34:27.521000,-0.49849051237106323,0.8510541319847107
2023-02-01 00:35:27.518000,-0.6657494902610779,0.8678534030914307
2023-02-01 00:36:27.538000,-0.6147145628929138,0.7909008264541626
2023-02-01 00:37:27.503000,-0.5050296783447266,0.9034643769264221
2023-02-01 00:38:27.625000,-0.4938005805015564,0.9584742784500122
2023-02-01 00:39:27.383000,-0.4679573178291321,0.9536778330802917
2023-02-01 00:40:27.428000,-0.45119544863700867,0.923329770565033
2023-02-01 00:41:27.428000,-0.460694283246994,0.8916395306587219
2023-02-01 00:42:27.408000,-0.48689132928848267,0.9783335328102112
2023-02-01 00:43:27.597000,-0.49332985281944275,0.9608386754989624
2023-02-01 00:44:27.462000,-0.44101682305336,1.019038200378418
2023-02-01 00:45:27.477000,-0.4704587757587433,1.0403454303741455
2023-02-01 00:46:27.436000,-0.4754087030887604,1.0552107095718384
2023-02-01 00:47:27.432000,-0.4919436275959015,1.0601013898849487
2023-02-01 00:48:27.447000,-0.5231256484985352,1.0741177797317505
2023-02-01 00:49:27.380000,-0.5274868011474609,1.0947221517562866
2023-02-01 00:50:27.541000,-0.5315146446228027,1.1029108762741089
2023-02-01 00:51:27.408000,-0.565065324306488,1.1083612442016602
2023-02-01 00:52:27.451000,-0.5239217877388,1.1094086170196533
2023-02-01 00:53:27.419000,-0.5864356756210327,1.0978320837020874
2023-02-01 00:54:27.419000,-0.6540971994400024,1.138228178024292
2023-02-01 00:55:27.447000,-0.6234925985336304,1.146362066268921
2023-02-01 00:56:27.443000,-0.5067687630653381,1.1426483392715454
2023-02-01 00:57:27.453000,-0.5354188680648804,1.1537684202194214
2023-02-01 00:58:27.412000,-0.5023117065429688,1.1678943634033203
2023-02-01 00:59:27.369000,-0.4711182117462158,1.1655056476593018
2023-02-01 01:00:27.364000,-0.5103942155838013,1.1859595775604248
2023-02-01 01:01:27.513000,-0.49009838700294495,1.1949820518493652
2023-02-01 01:02:27.506000,-0.4591961205005646,1.2095990180969238
2023-02-01 01:03:27.449000,-0.5109272003173828,1.2241758108139038
2023-02-01 01:04:27.513000,-0.5172916054725647,1.226418137550354
2023-02-01 01:05:27.501000,-0.4884812831878662,1.2449517250061035
2023-02-01 01:06:27.499000,-0.5271351337432861,1.259893536567688
2023-02-01 01:07:27.404000,-0.5135819911956787,1.2637919187545776
2023-02-01 01:08:27.547000,-0.5280172824859619,1.2818756103515625
2023-02-01 01:09:27.489000,-0.4906611442565918,1.2919635772705078
2023-02-01 01:10:27.450000,-0.45050397515296936,1.2985886335372925
2023-02-01 01:11:27.356000,-0.46991658210754395,1.3031753301620483
2023-02-01 01:12:27.502000,-0.47954076528549194,1.3131588697433472
2023-02-01 01:13:27.387000,-0.46339213848114014,1.3486387729644775
2023-02-01 01:14:27.393000,-0.44903555512428284,1.3489112854003906
2023-02-01 01:15:27.439000,-0.48217645287513733,1.3470078706741333
2023-02-01 01:16:27.469000,-0.4747069776058197,1.3635822534561157
2023-02-01 01:17:27.371000,-0.4777798354625702,1.362428069114685
2023-02-01 01:18:27.558000,-0.49285852909088135,1.371060848236084
2023-02-01 01:19:27.591000,-0.46355751156806946,1.3485186100006104
2023-02-01 01:20:27.447000,-0.4822353720664978,1.3840442895889282
2023-02-01 01:21:27.422000,-0.4833803176879883,1.387741208076477
2023-02-01 01:22:27.435000,-0.4850384294986725,1.3584834337234497
2023-02-01 01:23:27.482000,-0.51603102684021,1.3776971101760864
2023-02-01 01:24:27.387000,-0.5272380113601685,1.414370059967041
2023-02-01 01:25:27.490000,-0.5592487454414368,1.407793402671814
2023-02-01 01:26:27.425000,-0.5280099511146545,1.3726030588150024
2023-02-01 01:27:27.372000,-0.5566620826721191,1.375870943069458
2023-02-01 01:28:27.514000,-0.555422842502594,1.4107483625411987
2023-02-01 01:29:27.457000,-0.5471854209899902,1.4431194067001343
2023-02-01 01:30:27.368000,-0.5335829257965088,1.4420582056045532
2023-02-01 01:31:27.388000,-0.5231180787086487,1.435064435005188
2023-02-01 01:32:27.394000,-0.5427152514457703,1.457699179649353
2023-02-01 01:33:27.395000,-0.5576915740966797,1.4638500213623047
2023-02-01 01:34:27.401000,-0.49238982796669006,1.450317144393921
2023-02-01 01:35:27.352000,-0.5476692318916321,1.4048962593078613
2023-02-01 01:36:27.466000,-0.5199491381645203,1.5073704719543457
2023-02-01 01:37:27.466000,-0.5329487323760986,1.5570476055145264
2023-02-01 01:38:27.426000,-0.5282112956047058,1.563359260559082
2023-02-01 01:39:27.506000,-0.5317870378494263,1.5493685007095337
2023-02-01 01:40:27.424000,-0.49993661046028137,1.5762341022491455
2023-02-01 01:41:27.428000,-0.47198691964149475,1.6328250169754028
2023-02-01 01:42:27.428000,-0.6594786643981934,1.6004793643951416
2023-02-01 01:43:27.324000,-0.6864299774169922,1.5997498035430908
2023-02-01 01:44:27.379000,-0.5191820859909058,1.6390117406845093
2023-02-01 01:45:27.361000,-0.5246998071670532,1.6188833713531494
2023-02-01 01:46:27.403000,-0.5014638304710388,1.6203776597976685
2023-02-01 01:47:27.419000,-0.48305490612983704,1.655929446220398
2023-02-01 01:48:27.442000,-0.48346975445747375,1.6339852809906006
2023-02-01 01:49:27.339000,-0.4962467551231384,1.6352201700210571
2023-02-01 01:50:27.379000,-0.49112486839294434,1.6212778091430664
2023-02-01 01:51:27.355000,-0.5134730339050293,1.6560763120651245
2023-02-01 01:52:27.409000,-0.5063017010688782,1.6705505847930908
2023-02-01 01:53:27.363000,-0.5169016122817993,1.6843758821487427
2023-02-01 01:54:27.376000,-0.5187249183654785,1.6871451139450073
2023-02-01 01:55:27.320000,-0.5001584887504578,1.7042884826660156
2023-02-01 01:56:27.425000,-0.506120502948761,1.7079710960388184
2023-02-01 01:57:27.365000,-0.5183987021446228,1.7026033401489258
2023-02-01 01:58:27.288000,-0.5289171934127808,1.6352585554122925
2023-02-01 01:59:27.325000,-0.5162689685821533,1.7642680406570435
2023-02-01 02:00:27.372000,-0.6494601964950562,1.7094378471374512
2023-02-01 02:01:27.560000,-0.630567729473114,1.725043535232544
2023-02-01 02:02:27.306000,-0.5587419867515564,1.7949656248092651
2023-02-01 02:03:27.397000,-0.49745845794677734,1.805931568145752
2023-02-01 02:04:27.335000,-0.49471917748451233,1.7891573905944824
2023-02-01 02:05:27.377000,-0.5056058764457703,1.7840112447738647
2023-02-01 02:06:27.313000,-0.5065314173698425,1.8151501417160034
2023-02-01 02:07:27.369000,-0.4672066569328308,1.8051419258117676
2023-02-01 02:08:27.411000,-0.460741251707077,1.8217639923095703
2023-02-01 02:09:27.347000,-0.4832042455673218,1.840413212776184
2023-02-01 02:10:27.340000,-0.49433934688568115,1.8652881383895874
2023-02-01 02:11:27.423000,-0.5044180154800415,1.879548192024231
2023-02-01 02:12:27.363000,-0.5077130794525146,1.8492472171783447
2023-02-01 02:13:27.303000,-0.46023398637771606,1.8589165210723877
2023-02-01 02:14:27.358000,-0.48918256163597107,1.8696171045303345
2023-02-01 02:15:27.389000,-0.4692724645137787,1.8863955736160278
2023-02-01 02:16:27.286000,-0.4515027403831482,1.8985193967819214
2023-02-01 02:17:27.369000,-0.4700280725955963,1.8996851444244385
2023-02-01 02:18:27.370000,-0.47023501992225647,1.9644320011138916
2023-02-01 02:19:27.377000,-0.45707955956459045,2.0193099975585938
2023-02-01 02:20:27.314000,-0.48454251885414124,2.0272490978240967
2023-02-01 02:21:27.357000,-0.48837006092071533,2.024024486541748
2023-02-01 02:22:27.277000,-0.5290249586105347,2.020298957824707
2023-02-01 02:23:27.260000,-0.5020273923873901,1.954827070236206
2023-02-01 02:24:27.251000,-0.5209189653396606,1.1716804504394531
2023-02-01 02:25:27.345000,-0.5250054001808167,1.8909204006195068
2023-02-01 02:26:27.376000,-0.47915124893188477,1.518835425376892
2023-02-01 02:27:27.296000,-0.47787293791770935,1.4433207511901855
2023-02-01 02:28:27.292000,-0.4907338619232178,1.3135648965835571
2023-02-01 02:29:27.386000,-0.5065858364105225,1.8428095579147339
2023-02-01 02:30:27.342000,-0.4842643141746521,1.5603752136230469
2023-02-01 02:31:27.395000,-0.480315625667572,0.8892401456832886
2023-02-01 02:32:27.300000,-0.5126816630363464,1.4887176752090454
2023-02-01 02:33:27.342000,-0.5106813907623291,1.7226537466049194
2023-02-01 02:34:27.365000,-0.5169442296028137,1.9587064981460571
2023-02-01 02:35:27.244000,-0.5062759518623352,2.10221004486084
2023-02-01 02:36:27.279000,-0.5027604103088379,1.29654860496521
2023-02-01 02:37:27.248000,-0.5212839245796204,0.8848131895065308
2023-02-01 02:38:27.314000,-0.4939519166946411,1.8384175300598145
2023-02-01 02:39:27.347000,-0.4921533763408661,1.899657130241394
2023-02-01 02:40:27.355000,-0.7767487168312073,1.7715461254119873
2023-02-01 02:41:27.292000,-0.7960572838783264,2.0113425254821777
2023-02-01 02:42:27.284000,-0.8019753694534302,1.9464739561080933
2023-02-01 02:43:27.271000,-0.7476946711540222,1.9848473072052002
2023-02-01 02:44:27.354000,-0.7554275393486023,2.061732053756714
2023-02-01 02:45:27.334000,-0.788364589214325,1.6551135778427124
2023-02-01 02:46:27.309000,-0.7470295429229736,1.7106380462646484
2023-02-01 02:47:27.301000,-0.7196362614631653,1.4273796081542969
2023-02-01 02:48:27.279000,-0.7318191528320312,2.07135272026062
2023-02-01 02:49:27.452000,-0.8670567870140076,2.0943095684051514
2023-02-01 02:50:27.262000,-0.7765117883682251,2.179847478866577
2023-02-01 02:51:27.255000,-0.712726354598999,2.1690454483032227
2023-02-01 02:52:27.252000,-0.6081935167312622,2.014158248901367
2023-02-01 02:53:27.244000,-0.6193803548812866,1.459970235824585
2023-02-01 02:54:27.276000,-0.5533125996589661,2.025665044784546
2023-02-01 02:55:27.223000,-0.5681334137916565,2.217027187347412
2023-02-01 02:56:27.240000,-0.5669407844543457,2.1479029655456543
2023-02-01 02:57:27.352000,-0.6367384195327759,2.228428363800049
2023-02-01 02:58:27.290000,-0.6373700499534607,2.280113458633423
2023-02-01 02:59:27.354000,-0.6548354029655457,2.1724441051483154
2023-02-01 03:00:27.247000,-0.6301302909851074,2.1960434913635254
2023-02-01 03:01:27.263000,-0.5853173136711121,2.070052146911621
2023-02-01 03:02:27.195000,-0.4414578080177307,2.1191351413726807
2023-02-01 03:03:27.227000,-0.41394200921058655,2.0840444564819336
2023-02-01 03:04:27.313000,-0.46143415570259094,2.1816203594207764
2023-02-01 03:05:27.223000,-0.48822036385536194,2.183389663696289
2023-02-01 03:06:27.236000,-0.5316131711006165,2.279252529144287
2023-02-01 03:07:27.294000,-0.5042558312416077,2.234794855117798
2023-02-01 03:08:27.304000,-0.5074301362037659,2.159174919128418
2023-02-01 03:09:27.204000,-0.4957563579082489,2.2590644359588623
2023-02-01 03:10:27.251000,-0.5308982133865356,2.270533323287964
2023-02-01 03:11:27.195000,-0.5219328999519348,2.260390520095825
2023-02-01 03:12:27.184000,-0.5201911330223083,2.2037465572357178
2023-02-01 03:13:27.298000,-0.4852633476257324,2.2196905612945557
2023-02-01 03:14:27.219000,-1.2148834466934204,2.2028868198394775
2023-02-01 03:15:27.322000,-1.0662492513656616,2.1117780208587646
2023-02-01 03:16:27.501000,-0.5206423401832581,2.1039559841156006
2023-02-01 03:17:27.164000,-0.5177494883537292,2.164982557296753
2023-02-01 03:18:27.226000,-0.4856525659561157,2.197155714035034
2023-02-01 03:19:27.204000,-0.5086150169372559,2.1794493198394775
2023-02-01 03:20:27.326000,-0.5196764469146729,2.1937174797058105
2023-02-01 03:21:27.243000,-0.5262836217880249,2.1862289905548096
2023-02-01 03:22:27.274000,-0.5445952415466309,2.1985795497894287
2023-02-01 03:23:27.278000,-0.5616795420646667,2.1302573680877686
2023-02-01 03:24:27.213000,-0.5184609293937683,2.1241581439971924
2023-02-01 03:25:27.199000,-0.5400620698928833,2.1671059131622314
2023-02-01 03:26:27.216000,-0.4963640868663788,2.1917777061462402
2023-02-01 03:27:27.265000,-0.47616857290267944,2.1655330657958984
2023-02-01 03:28:27.275000,-0.500633716583252,2.1198418140411377
2023-02-01 03:29:27.288000,-0.5226007699966431,2.2050976753234863
2023-02-01 03:30:27.267000,-0.5398163795471191,2.1246516704559326
2023-02-01 03:31:27.273000,-0.530280590057373,2.188789129257202
2023-02-01 03:32:27.403000,-0.5856225490570068,2.153059959411621
2023-02-01 03:33:27.298000,-0.6098377108573914,2.0947234630584717
2023-02-01 03:34:27.227000,-0.5717684030532837,2.200974941253662
2023-02-01 03:35:27.176000,-0.5658718347549438,2.1250789165496826
2023-02-01 03:36:27.223000,-0.5271768569946289,2.10005259513855
2023-02-01 03:37:27.267000,-0.6500870585441589,2.209489345550537
2023-02-01 03:38:27.208000,-0.6380655765533447,1.496015191078186
2023-02-01 03:39:27.171000,-0.5411099195480347,1.97787606716156
2023-02-01 03:40:27.245000,-0.48806798458099365,2.0398850440979004
2023-02-01 03:41:27.267000,-0.4561474025249481,2.1723616123199463
2023-02-01 03:42:27.266000,-0.45463091135025024,2.096801519393921
2023-02-01 03:43:27.206000,-0.43805667757987976,2.2405550479888916
2023-02-01 03:44:27.354000,-0.4018459916114807,2.4077155590057373
2023-02-01 03:45:27.223000,-0.39801454544067383,2.3244316577911377
2023-02-01 03:46:27.382000,-0.42441698908805847,2.323143243789673
2023-02-01 03:47:27.232000,-0.4588351547718048,2.1834001541137695
2023-02-01 03:48:27.213000,-0.446662575006485,2.2257988452911377
2023-02-01 03:49:27.143000,-0.4320789873600006,2.2134602069854736
2023-02-01 03:50:27.175000,-0.46144983172416687,2.2284305095672607
2023-02-01 03:51:27.187000,-0.46450120210647583,2.1689863204956055
2023-02-01 03:52:27.155000,-0.45320555567741394,2.282097816467285
2023-02-01 03:53:27.214000,-0.5350942611694336,2.3203043937683105
2023-02-01 03:54:27.202000,-0.579829216003418,2.348452091217041
2023-02-01 03:55:27.197000,-0.5366101861000061,2.3206164836883545
2023-02-01 03:56:27.180000,-0.4698895812034607,2.368818759918213
2023-02-01 03:57:27.183000,-0.45639705657958984,2.348912239074707
2023-02-01 03:58:27.309000,-0.42775484919548035,2.2845685482025146
2023-02-01 03:59:27.221000,-0.4276743531227112,2.126307487487793
2023-02-01 04:00:27.115000,-0.4285556375980377,2.1665945053100586
2023-02-01 04:01:27.139000,-0.4043765664100647,2.0822997093200684
2023-02-01 04:02:27.193000,-0.4375388026237488,1.9285659790039062
2023-02-01 04:03:27.159000,-0.388388991355896,2.01579213142395
2023-02-01 04:04:27.229000,-0.37898701429367065,2.0592188835144043
2023-02-01 04:05:27.152000,-0.3984663486480713,2.086106300354004
2023-02-01 04:06:27.136000,-0.40973708033561707,2.1675596237182617
2023-02-01 04:07:27.222000,-0.42254623770713806,2.1681087017059326
2023-02-01 04:08:27.182000,-0.4216937720775604,2.2534615993499756
2023-02-01 04:09:27.144000,-0.3954271674156189,2.25644588470459
2023-02-01 04:10:27.242000,-0.3586283028125763,2.3022890090942383
2023-02-01 04:11:27.104000,-0.45537981390953064,2.313473701477051
2023-02-01 04:12:27.187000,-0.4575018584728241,2.3175675868988037
2023-02-01 04:13:27.168000,-0.39299124479293823,2.330462694168091
2023-02-01 04:14:27.108000,-0.38839995861053467,2.3163537979125977
2023-02-01 04:15:27.257000,-0.39531201124191284,2.309534788131714
2023-02-01 04:16:27.136000,-0.4146384298801422,2.290395975112915
2023-02-01 04:17:27.244000,-0.4552115201950073,2.277567148208618
2023-02-01 04:18:27.203000,-0.4699418246746063,2.297036647796631
2023-02-01 04:19:27.128000,-0.5030394196510315,2.3075783252716064
2023-02-01 04:20:27.342000,-0.4321770966053009,2.2674169540405273
2023-02-01 04:21:27.131000,-0.40588098764419556,2.2521748542785645
2023-02-01 04:22:27.147000,-0.4617534577846527,2.179692029953003
2023-02-01 04:23:27.247000,-0.4792112708091736,2.2028040885925293
2023-02-01 04:24:27.143000,-0.5005160570144653,2.183560848236084
2023-02-01 04:25:27.218000,-0.4877440929412842,2.138415813446045
2023-02-01 04:26:27.129000,-0.4587108790874481,2.202699899673462
2023-02-01 04:27:27.222000,-0.42564141750335693,2.150369167327881
2023-02-01 04:28:27.165000,-0.5224003791809082,2.1800613403320312
2023-02-01 04:29:27.181000,-0.6598733067512512,2.229771137237549
2023-02-01 04:30:27.092000,-0.5735992789268494,2.213839054107666
2023-02-01 04:31:27.115000,-0.4689038097858429,2.192361831665039
2023-02-01 04:32:27.105000,-0.5198895931243896,2.1844425201416016
2023-02-01 04:33:27.178000,-0.43775931000709534,2.0902411937713623
2023-02-01 04:34:27.128000,-0.43814828991889954,2.133934497833252
2023-02-01 04:35:27.135000,-0.4958950877189636,2.1138927936553955
2023-02-01 04:36:27.149000,-0.49983784556388855,2.1348419189453125
2023-02-01 04:37:27.229000,-0.45751792192459106,2.1096444129943848
2023-02-01 04:38:27.111000,-0.4190067946910858,2.134721279144287
2023-02-01 04:39:27.290000,-0.42557021975517273,2.141293525695801
2023-02-01 04:40:27.123000,-0.6841882467269897,2.158547878265381
2023-02-01 04:41:27.118000,-1.7503247261047363,2.0102577209472656
2023-02-01 04:42:27.148000,-1.145470142364502,1.9523425102233887
2023-02-01 04:43:27.189000,-1.7632570266723633,2.075424909591675
2023-02-01 04:44:27.180000,-1.7469942569732666,2.149733066558838
2023-02-01 04:45:27.226000,-0.8250759243965149,2.219960927963257
2023-02-01 04:46:27.141000,-1.0263694524765015,2.104123592376709
2023-02-01 04:47:27.122000,-1.8955429792404175,2.1534905433654785
2023-02-01 04:48:27.124000,-2.4812755584716797,2.2206602096557617
2023-02-01 04:49:27.203000,-2.5193088054656982,2.1732053756713867
2023-02-01 04:50:27.196000,-2.542947769165039,2.132253646850586
2023-02-01 04:51:27.141000,-1.3582031726837158,2.200958728790283
2023-02-01 04:52:27.173000,-0.4699866771697998,2.2008352279663086
2023-02-01 04:53:27.262000,-0.5827904939651489,2.1454367637634277
2023-02-01 04:54:27.174000,-0.5916033387184143,2.1535401344299316
2023-02-01 04:55:27.075000,-0.5051865577697754,2.1469149589538574
2023-02-01 04:56:27.088000,-0.4907602369785309,2.174506902694702
2023-02-01 04:57:27.180000,-0.5658080577850342,2.1806678771972656
2023-02-01 04:58:27.114000,-0.7186506390571594,2.1976535320281982
2023-02-01 04:59:27.336000,-0.6647189259529114,2.2114756107330322
2023-02-01 05:00:27.121000,-0.47281187772750854,2.208055257797241
2023-02-01 05:01:27.116000,-0.47793540358543396,2.1818511486053467
2023-02-01 05:02:27.165000,-0.5634960532188416,2.1751348972320557
2023-02-01 05:03:27.222000,-0.5688676238059998,2.172534465789795
2023-02-01 05:04:27.140000,-0.48477765917778015,2.1799819469451904
2023-02-01 05:05:27.173000,-0.5072779059410095,2.1911394596099854
2023-02-01 05:06:27.124000,-0.5745090246200562,2.181203603744507
2023-02-01 05:07:27.164000,-0.5500488877296448,2.144196033477783
2023-02-01 05:08:27.201000,-0.5672242045402527,2.1332356929779053
2023-02-01 05:09:27.067000,-0.5183030962944031,2.140717029571533
2023-02-01 05:10:27.112000,-0.47671273350715637,2.144360303878784
2023-02-01 05:11:27.120000,-0.4802152216434479,2.11855149269104
2023-02-01 05:12:27.119000,-0.521655797958374,1.9713997840881348
2023-02-01 05:13:27.161000,-0.4479065239429474,1.9565242528915405
2023-02-01 05:14:27.160000,-0.40277132391929626,2.0199828147888184
2023-02-01 05:15:27.103000,-0.4590925872325897,1.9232674837112427
2023-02-01 05:16:27.148000,-0.48145580291748047,2.0039777755737305
2023-02-01 05:17:27.104000,-0.43799498677253723,2.025975227355957
2023-02-01 05:18:27.083000,-0.42499983310699463,2.0138227939605713
2023-02-01 05:19:27.021000,-0.4681079387664795,2.1390187740325928
2023-02-01 05:20:27.082000,-0.5072842836380005,2.112086296081543
2023-02-01 05:21:27.063000,-0.40127456188201904,2.13519024848938
2023-02-01 05:22:27.108000,-0.483422189950943,1.7807073593139648
2023-02-01 05:23:27.008000,-0.6022211909294128,1.88792884349823
2023-02-01 05:24:27.125000,-0.5166665315628052,2.005845308303833
2023-02-01 05:25:27.146000,-0.46272191405296326,1.762620449066162
2023-02-01 05:26:27.105000,-0.3874567747116089,1.7885724306106567
2023-02-01 05:27:27.080000,-0.3984507620334625,1.9820176362991333
2023-02-01 05:28:27.141000,-0.4903404712677002,1.9176225662231445
2023-02-01 05:29:27.092000,-0.5057432055473328,1.7934261560440063
2023-02-01 05:30:27.041000,-0.48956093192100525,1.7516887187957764
2023-02-01 05:31:27.063000,-0.43283170461654663,1.8392690420150757
2023-02-01 05:32:27.153000,-0.4458373188972473,1.993381381034851
2023-02-01 05:33:27.007000,-0.528445303440094,1.7686721086502075
2023-02-01 05:34:27.105000,-0.5195809602737427,1.5640522241592407
2023-02-01 05:35:27.166000,-0.3920324742794037,1.5176292657852173
2023-02-01 05:36:27.121000,-0.45420247316360474,1.5681408643722534
2023-02-01 05:37:27.059000,-0.5106648206710815,1.6539160013198853
2023-02-01 05:38:27.334000,-0.48939958214759827,1.7556495666503906
2023-02-01 05:39:27.208000,-0.425258606672287,1.7610994577407837
2023-02-01 05:40:27.037000,-0.5191993117332458,1.7328170537948608
2023-02-01 05:41:27.054000,-0.4472306966781616,1.6463375091552734
2023-02-01 05:42:27.090000,-0.47610169649124146,1.6098650693893433
2023-02-01 05:43:27.024000,-0.5102962851524353,1.7092981338500977
2023-02-01 05:44:27.080000,-0.4656544029712677,1.647207260131836
2023-02-01 05:45:27.054000,-0.41989123821258545,1.6163285970687866
2023-02-01 05:46:27.045000,-0.4691929817199707,1.6003708839416504
2023-02-01 05:47:27.035000,-0.4910438358783722,1.6575736999511719
2023-02-01 05:48:27.003000,-0.4516769051551819,1.756661057472229
2023-02-01 05:49:27.015000,-0.3883034288883209,1.7652506828308105
2023-02-01 05:50:27.055000,-0.47477439045906067,1.760371446609497
2023-02-01 05:51:27.077000,-0.505088210105896,1.735161542892456
2023-02-01 05:52:26.995000,-0.40885329246520996,1.742019534111023
2023-02-01 05:53:26.983000,-0.398624449968338,1.6988005638122559
2023-02-01 05:54:27.090000,-0.4523891508579254,1.68052339553833
2023-02-01 05:55:27.084000,-0.48630744218826294,1.6205915212631226
2023-02-01 05:56:27.102000,-0.3908889889717102,1.5932791233062744
2023-02-01 05:57:27.034000,-0.44668048620224,1.5973302125930786
2023-02-01 05:58:27.030000,-0.5942519903182983,1.6969290971755981
2023-02-01 05:59:27.070000,-0.5950239896774292,1.631154179573059
2023-02-01 06:00:27.069000,-0.4049054980278015,1.635297179222107
2023-02-01 06:01:27.092000,-0.3891671597957611,1.67625892162323
2023-02-01 06:02:27.035000,-0.49393460154533386,1.6285849809646606
2023-02-01 06:03:27.038000,-0.4953770637512207,1.5418696403503418
2023-02-01 06:04:27.055000,-0.41159647703170776,1.5189167261123657
2023-02-01 06:05:27.085000,-0.5125432014465332,1.579486608505249
2023-02-01 06:06:27.023000,-0.5072964429855347,1.5868070125579834
2023-02-01 06:07:27.025000,-0.46741458773612976,1.574059009552002
2023-02-01 06:08:27.073000,-0.41284888982772827,1.540371060371399
2023-02-01 06:10:26.963000,-0.5089099407196045,1.4187413454055786
2023-02-01 06:11:27.041000,-0.44873926043510437,1.4581011533737183
2023-02-01 06:12:27.018000,-0.42216768860816956,1.3864341974258423
2023-02-01 06:13:27.069000,-0.470379501581192,1.4354971647262573
2023-02-01 06:14:27.079000,-0.5025920271873474,1.4343657493591309
2023-02-01 06:15:26.934000,-0.49733006954193115,1.4013477563858032
2023-02-01 06:16:27.019000,-0.40292805433273315,1.4047520160675049
2023-02-01 06:17:27.008000,-0.486383318901062,1.3699709177017212
2023-02-01 06:18:27.094000,-0.64631587266922,1.3341543674468994
2023-02-01 06:19:27.029000,-0.6464971899986267,1.3182580471038818
2023-02-01 06:20:27.021000,-0.5080810189247131,1.3119757175445557
2023-02-01 06:21:27.019000,-0.42071908712387085,1.3150514364242554
2023-02-01 06:22:27.034000,-0.45910486578941345,1.3761435747146606
2023-02-01 06:23:27.227000,-0.4913058280944824,1.3956762552261353
2023-02-01 06:24:26.996000,-0.4833872616291046,1.373153567314148
2023-02-01 06:25:27.058000,-0.500318169593811,1.3128031492233276
2023-02-01 06:26:26.983000,-0.4941258132457733,1.3205301761627197
2023-02-01 06:27:27.005000,-0.4328197240829468,1.3223932981491089
2023-02-01 06:28:26.903000,-0.43174993991851807,1.3196218013763428
2023-02-01 06:29:26.940000,-0.5088003277778625,1.3390949964523315
2023-02-01 06:30:27.050000,-0.49436238408088684,1.2868863344192505
2023-02-01 06:31:27.046000,-0.47794219851493835,1.3111655712127686
2023-02-01 06:32:26.951000,-0.4106167256832123,1.3720353841781616
2023-02-01 06:33:26.958000,-0.41911596059799194,1.476671814918518
2023-02-01 06:34:27.091000,-0.4463191628456116,1.4729000329971313
2023-02-01 06:35:26.916000,-0.4689010977745056,1.4499213695526123
2023-02-01 06:36:27.062000,-0.47336700558662415,1.4642417430877686
2023-02-01 06:37:26.958000,-0.4181470572948456,1.4626001119613647
2023-02-01 06:38:27.030000,-0.3894464671611786,1.413910984992981
2023-02-01 06:39:26.887000,-0.41897696256637573,1.3940728902816772
2023-02-01 06:40:26.951000,-0.48839250206947327,1.4283876419067383
2023-02-01 06:41:26.974000,-0.46796682476997375,1.318507194519043
2023-02-01 06:42:26.973000,-0.43060824275016785,1.2974579334259033
2023-02-01 06:43:26.971000,-0.3832845091819763,1.281736969947815
2023-02-01 06:44:26.908000,-0.48431703448295593,1.2555038928985596
2023-02-01 06:45:26.915000,-0.46737346053123474,1.3582637310028076
2023-02-01 06:46:27.062000,-0.4268956780433655,1.2839272022247314
2023-02-01 06:47:26.887000,-0.49656224250793457,1.1282042264938354
2023-02-01 06:48:26.879000,-0.5061458349227905,1.0374621152877808
2023-02-01 06:49:26.958000,-0.523557186126709,0.8909595012664795
2023-02-01 06:50:27.001000,-0.5426592230796814,1.039413332939148
2023-02-01 06:51:26.970000,-0.7917203903198242,1.2377818822860718
2023-02-01 06:52:26.879000,-1.42525053024292,1.3049440383911133
2023-02-01 06:53:26.955000,-0.4862150549888611,1.2592368125915527
2023-02-01 06:54:27.022000,-0.5205610394477844,1.2414523363113403
2023-02-01 06:55:26.940000,-0.5137755274772644,1.3970212936401367
2023-02-01 06:56:26.911000,-0.4455294609069824,1.463241696357727
2023-02-01 06:57:27.009000,-0.6549301743507385,1.418025016784668
2023-02-01 06:58:26.958000,-0.6461467742919922,1.3979527950286865
2023-02-01 06:59:26.883000,-0.49890339374542236,1.3990235328674316
2023-02-01 07:00:26.953000,-0.5040172934532166,1.3035088777542114
2023-02-01 07:01:26.938000,-0.46339067816734314,1.4084351062774658
2023-02-01 07:02:26.955000,-0.3890409767627716,1.4125139713287354
2023-02-01 07:03:26.968000,-0.46430131793022156,1.4263070821762085
2023-02-01 07:04:26.887000,-0.47320112586021423,1.373556137084961
2023-02-01 07:05:26.911000,-0.46015214920043945,1.3049159049987793
2023-02-01 07:06:26.950000,-0.39370235800743103,1.2724788188934326
2023-02-01 07:07:27.115000,-0.40805816650390625,1.378718376159668
2023-02-01 07:08:26.987000,-0.4558524489402771,1.3786263465881348
2023-02-01 07:09:26.985000,-0.4680901765823364,1.3118141889572144
2023-02-01 07:10:26.964000,-0.4543663561344147,1.3329452276229858
2023-02-01 07:11:27.085000,-0.46135029196739197,1.1701922416687012
2023-02-01 07:12:26.887000,-0.38542214035987854,1.0259560346603394
2023-02-01 07:13:26.895000,-0.435209184885025,1.3078638315200806
2023-02-01 07:14:26.881000,-0.48069342970848083,1.2446708679199219
2023-02-01 07:15:26.872000,-0.5113415718078613,1.0752431154251099
2023-02-01 07:16:26.973000,-0.6140560507774353,1.1739678382873535
2023-02-01 07:17:27.053000,-0.5058401823043823,1.2326440811157227
2023-02-01 07:18:26.911000,-0.4276970624923706,1.2220609188079834
2023-02-01 07:19:26.983000,-0.4887005388736725,1.0485252141952515
2023-02-01 07:20:26.925000,-0.44373223185539246,1.0493606328964233
2023-02-01 07:21:26.978000,-0.41661176085472107,0.9030153751373291
2023-02-01 07:22:26.982000,-0.45612064003944397,1.0365214347839355
2023-02-01 07:23:26.933000,-0.4648459851741791,1.0725665092468262
2023-02-01 07:24:26.977000,-0.48886847496032715,1.1749578714370728
2023-02-01 07:25:26.909000,-0.49235600233078003,1.0354089736938477
2023-02-01 07:26:26.972000,-0.47480663657188416,0.7828003168106079
2023-02-01 07:27:26.859000,-0.4487135708332062,0.9612632393836975
2023-02-01 07:28:26.916000,-0.44745978713035583,0.9969145655632019
2023-02-01 07:29:26.944000,-0.517844021320343,1.0520446300506592
2023-02-01 07:30:27.015000,-0.5134336352348328,1.0896824598312378
2023-02-01 07:31:26.943000,-0.4718623459339142,1.0494340658187866
2023-02-01 07:32:26.915000,-0.450570672750473,1.1491062641143799
2023-02-01 07:33:26.894000,-0.5174207091331482,0.9040693044662476
2023-02-01 07:34:26.822000,-0.5229618549346924,0.9495316743850708
2023-02-01 07:35:26.815000,-0.48561224341392517,0.9405397772789001
2023-02-01 07:36:26.908000,-0.4434419572353363,0.8132396936416626
2023-02-01 07:37:26.920000,-0.4593312442302704,0.8966249227523804
2023-02-01 07:38:26.871000,-0.5129832625389099,0.9637067914009094
2023-02-01 07:39:26.823000,-0.51202392578125,0.8964725732803345
2023-02-01 07:40:26.902000,-0.47007325291633606,0.8788710832595825
2023-02-01 07:41:26.920000,-0.4224023222923279,0.8243222236633301
2023-02-01 07:42:26.804000,-0.477152943611145,0.6102873086929321
2023-02-01 07:43:26.917000,-0.5268435478210449,0.5658440589904785
2023-02-01 07:44:26.863000,-0.5011394619941711,0.6107473373413086
2023-02-01 07:45:26.941000,-0.4868169128894806,0.5227794647216797
2023-02-01 07:46:26.895000,-0.4552716612815857,0.475906103849411
2023-02-01 07:47:26.847000,-0.4319697618484497,0.46224433183670044
2023-02-01 07:48:26.864000,-0.502284586429596,0.5345895886421204
2023-02-01 07:49:26.961000,-0.5017791986465454,0.5329235792160034
2023-02-01 07:50:26.817000,-0.4499737024307251,0.47159048914909363
2023-02-01 07:51:26.922000,-0.44693270325660706,0.34039607644081116
2023-02-01 07:52:27.933000,-0.4392223060131073,0.35851573944091797
2023-02-01 07:53:26.839000,-0.42256686091423035,0.3990834951400757
2023-02-01 07:54:26.914000,-0.45662862062454224,0.3875335454940796
2023-02-01 07:55:26.926000,-0.5467587113380432,0.377633273601532
2023-02-01 07:56:27.081000,-0.6127787232398987,0.37053602933883667
2023-02-01 07:57:26.929000,-0.4887399673461914,0.3447035253047943
2023-02-01 07:58:26.921000,-0.4255780279636383,0.3196013569831848
2023-02-01 07:59:26.922000,-0.4798910319805145,0.32744914293289185
2023-02-01 08:00:26.885000,-0.4865321218967438,0.3211196959018707
2023-02-01 08:01:26.858000,-0.40044841170310974,0.31587475538253784
2023-02-01 08:02:26.933000,-0.48189908266067505,0.30040764808654785
2023-02-01 08:03:26.815000,-0.529728353023529,0.27161797881126404
2023-02-01 08:04:26.943000,-0.5480022430419922,0.26655593514442444
2023-02-01 08:05:26.844000,-0.5697100162506104,0.27563974261283875
2023-02-01 08:06:26.839000,-0.5503748059272766,0.2484697550535202
2023-02-01 08:07:26.885000,-0.5087030529975891,0.22613462805747986
2023-02-01 08:08:26.811000,-0.5160155296325684,0.2267255187034607
2023-02-01 08:09:26.857000,-0.49815741181373596,0.2173382192850113
2023-02-01 08:10:26.768000,-0.5249468088150024,0.21886786818504333
2023-02-01 08:11:26.831000,-0.5575002431869507,0.22126154601573944
2023-02-01 08:12:26.775000,-0.5723528861999512,0.22581054270267487
2023-02-01 08:13:26.878000,-0.43962615728378296,0.22467322647571564
2023-02-01 08:14:26.938000,-0.6936528086662292,0.20880480110645294
2023-02-01 08:15:26.803000,-0.692142903804779,0.20564384758472443
2023-02-01 08:16:26.816000,-1.545229434967041,0.20184502005577087
2023-02-01 08:17:26.778000,-2.508842945098877,0.1949589103460312
2023-02-01 08:18:26.901000,-2.3334949016571045,0.1874053031206131
2023-02-01 08:19:26.837000,-0.515146017074585,0.18128174543380737
2023-02-01 08:20:26.882000,-0.532602071762085,0.1725235879421234
2023-02-01 08:21:26.850000,-0.5284037590026855,0.1631336212158203
2023-02-01 08:22:26.785000,-0.5521202683448792,0.150541752576828
2023-02-01 08:24:26.849000,-0.46546363830566406,0.1267526000738144
2023-02-01 08:25:26.942000,-0.49590563774108887,0.12260842323303223
2023-02-01 08:26:26.872000,-0.5308541655540466,0.12000993639230728
2023-02-01 08:27:27.084000,-0.542151927947998,0.11754162609577179
2023-02-01 08:28:26.819000,-0.5393965244293213,0.11746736615896225
2023-02-01 08:29:26.941000,-0.5210744738578796,0.11617856472730637
2023-02-01 08:30:26.739000,-0.5026588439941406,0.11522769182920456
2023-02-01 08:31:26.799000,-0.4682038128376007,0.11257137358188629
2023-02-01 08:32:26.866000,-0.4664868712425232,0.10851310938596725
2023-02-01 08:33:26.834000,-0.5119202136993408,0.10357978940010071
2023-02-01 08:34:26.831000,-0.5140240788459778,0.09496402740478516
2023-02-01 08:35:26.919000,-0.5084869265556335,0.0836963877081871
2023-02-01 08:36:26.894000,-0.5172740817070007,0.07465832680463791
2023-02-01 08:37:26.798000,-0.4575020372867584,0.043883390724658966
2023-02-01 08:38:26.791000,-0.4630793631076813,0.022881697863340378
2023-02-01 08:39:26.771000,-0.49593207240104675,0.020472850650548935
2023-02-01 08:40:26.932000,-0.5029240250587463,0.01760268583893776
2023-02-01 08:41:26.778000,-0.5244600772857666,0.013792052865028381
2023-02-01 08:42:26.790000,-0.5076178312301636,0.010847062803804874
2023-02-01 08:43:26.791000,-0.4156934916973114,0.008663810789585114
2023-02-01 08:44:26.871000,-0.5147974491119385,0.006488731596618891
2023-02-01 08:45:26.810000,-0.5363547205924988,0.004976268392056227
2023-02-01 08:46:26.744000,-0.5485981702804565,0.004220151342451572
2023-02-01 08:47:26.723000,-0.46181848645210266,0.0038355097640305758
2023-02-01 08:48:26.786000,-0.5378724932670593,0.0022873610723763704
2023-02-01 08:49:26.853000,-0.5613226294517517,-0.002251294208690524
2023-02-01 08:50:26.770000,-0.460461288690567,-0.0022508748807013035
2023-02-01 08:51:26.771000,-0.5601662993431091,-0.002265162067487836
2023-02-01 08:52:26.779000,-0.5689728856086731,-0.002280568238347769
2023-02-01 08:53:26.717000,-0.4531635344028473,-0.002290351316332817
2023-02-01 08:54:26.756000,-0.6155230402946472,-0.0001887941180029884
2023-02-01 08:55:26.792000,-0.6898004412651062,-0.0017191538354381919
2023-02-01 08:56:26.854000,-0.6401820778846741,-0.0022605129051953554
2023-02-01 08:57:26.782000,-0.48740679025650024,-0.002243448281660676
2023-02-01 08:58:26.736000,-0.4920167624950409,-0.0022614761255681515
2023-02-01 08:59:26.790000,-0.5719172358512878,-0.002266619121655822
2023-02-01 09:00:26.846000,-0.5425548553466797,-0.002309605246409774
2023-02-01 09:01:26.778000,-0.49211254715919495,-0.0022773556411266327
2023-02-01 09:02:26.845000,-0.5040475130081177,-0.002242150017991662
2023-02-01 09:03:26.783000,-0.5604695081710815,-0.0022412973921746016
2023-02-01 09:04:26.766000,-0.49600815773010254,-0.002259999979287386
2023-02-01 09:05:26.772000,-0.5599860548973083,-0.0022611350286751986
2023-02-01 09:06:26.797000,-0.5203073620796204,-0.0023160239215940237
2023-02-01 09:07:26.767000,-0.5092211961746216,-0.0022735123056918383
2023-02-01 09:08:26.834000,-0.4150627553462982,-0.0022669474128633738
2023-02-01 09:09:26.744000,-0.471536248922348,-0.0023177878465503454
2023-02-01 09:10:26.778000,-0.5305688977241516,-0.002313024364411831
2023-02-01 09:11:26.728000,-0.5270749926567078,-0.0023250908125191927
2023-02-01 09:12:26.820000,-0.5265452265739441,-0.002315731719136238
2023-02-01 09:13:26.880000,-0.6263810992240906,-0.0022934318985790014
2023-02-01 09:14:26.757000,-0.663686990737915,-0.0023307111114263535
2023-02-01 09:15:26.833000,-0.5506380200386047,-0.002345487242564559
2023-02-01 09:16:26.783000,-0.43623581528663635,-0.0023153512738645077
2023-02-01 09:17:26.731000,-0.5231008529663086,-0.002311763120815158
2023-02-01 09:18:26.805000,-0.5194217562675476,-0.0023367691319435835
2023-02-01 09:19:26.890000,-0.43905767798423767,-0.0022714545484632254
2023-02-01 09:20:26.774000,-0.48363345861434937,-0.0023027725983411074
2023-02-01 09:21:26.738000,-0.5281586647033691,-0.002268340904265642
2023-02-01 09:22:26.798000,-0.5422596335411072,-0.002302405424416065
2023-02-01 09:23:26.658000,-0.5603148341178894,-0.002302666660398245
2023-02-01 09:24:26.703000,-0.45565104484558105,-0.0023168332409113646
2023-02-01 09:25:26.761000,-0.5643165707588196,-0.0023437209893018007
2023-02-01 09:26:26.749000,-0.5568657517433167,-0.0023248461075127125
2023-02-01 09:27:26.754000,-0.5360440015792847,-0.0022685814183205366
2023-02-01 09:28:26.700000,-0.46852293610572815,-0.0023336249869316816
2023-02-01 09:29:26.664000,-0.5092649459838867,-0.0023707000073045492
2023-02-01 09:30:26.753000,-0.5503481030464172,-0.002259138971567154
2023-02-01 09:31:26.738000,-0.5489869117736816,-0.002257233951240778
2023-02-01 09:32:26.754000,-0.4809277355670929,-0.0023204332683235407
2023-02-01 09:33:26.665000,-0.5032543540000916,-0.0022998182103037834
2023-02-01 09:34:26.726000,-0.5507745146751404,-0.0022518234327435493
2023-02-01 09:35:26.661000,-0.519919216632843,-0.0023759999312460423
2023-02-01 09:36:26.797000,-0.514953076839447,-0.0023197499103844166
2023-02-01 09:37:26.739000,-0.5029518604278564,-0.0023058620281517506
2023-02-01 09:38:26.656000,-0.45796999335289,-0.0022334642708301544
2023-02-01 09:39:26.703000,-0.4608859419822693,-0.0022443332709372044
2023-02-01 09:40:26.798000,-0.5161765813827515,-0.0022583333775401115
2023-02-01 09:41:26.675000,-0.5107989311218262,-0.002236542757600546
2023-02-01 09:42:26.678000,-0.515790581703186,-0.002419648692011833
2023-02-01 09:43:26.660000,-0.7076625227928162,-0.0022251764312386513
2023-02-01 09:44:26.777000,-2.4390206336975098,-0.0022595750633627176
2023-02-01 09:45:26.744000,-1.4949599504470825,-0.002392529509961605
2023-02-01 09:46:26.670000,-0.5492814183235168,-0.00232971110381186
2023-02-01 09:47:26.784000,-0.5104104280471802,-0.0022550749126821756
2023-02-01 09:48:26.782000,-0.47482749819755554,-0.0023787172976881266
2023-02-01 09:49:26.668000,-0.4490734338760376,-0.0023642750456929207
2023-02-01 09:50:26.672000,-0.4087837040424347,-0.002358522731810808
2023-02-01 09:51:26.671000,-0.4880678057670593,-0.002258199965581298
2023-02-01 09:52:26.679000,-0.48072072863578796,-0.002277769148349762
2023-02-01 09:53:26.761000,-0.49665695428848267,-0.0021150526590645313
2023-02-01 09:54:26.619000,-0.48199397325515747,-0.002357000019401312
2023-02-01 09:55:26.657000,-0.6037180423736572,-0.002243878785520792
2023-02-01 09:56:26.721000,-0.5399988889694214,-0.0024086046032607555
2023-02-01 09:57:26.888000,-0.3988211154937744,-0.0022913888096809387
2023-02-01 09:58:26.691000,-0.4917876720428467,-0.002276666695252061
2023-02-01 09:59:26.657000,-0.45834365487098694,-0.002076942939311266
2023-02-01 10:00:26.722000,-0.40095585584640503,-0.0024476000107824802
2023-02-01 10:01:26.628000,-0.487270325422287,-0.002337316982448101
2023-02-01 10:02:26.607000,-0.4806646406650543,-0.0023048443254083395
2023-02-01 10:03:26.711000,-0.4763474762439728,-0.002312394790351391
2023-02-01 10:04:26.698000,-0.4590829610824585,-0.0023297949228435755
2023-02-01 10:05:26.683000,-0.5074886083602905,-0.002350487280637026
2023-02-01 10:06:26.624000,-0.5004218816757202,-0.0023080790415406227
2023-02-01 10:07:26.766000,-0.4998275935649872,-0.002324324334040284
2023-02-01 10:08:26.613000,-0.41310209035873413,-0.00229688105173409
2023-02-01 10:09:26.758000,-0.5040749311447144,-0.002297951141372323
2023-02-01 10:10:26.651000,-0.49177783727645874,-0.002302365843206644
2023-02-01 10:11:26.639000,-0.5230492353439331,-0.002334222197532654
2023-02-01 10:12:26.746000,-0.6244873404502869,-0.0023732632398605347
2023-02-01 10:13:26.690000,-0.647287905216217,-0.0023171778302639723
2023-02-01 10:14:26.626000,-0.5362145900726318,-0.00239454279653728
2023-02-01 10:15:26.661000,-0.533704936504364,-0.0023168055340647697
2023-02-01 10:16:26.700000,-0.523688018321991,-0.0022746785543859005
2023-02-01 10:17:26.643000,-0.5067233443260193,-0.0023259534500539303
2023-02-01 10:18:26.667000,-0.48589152097702026,-0.0024051875807344913
2023-02-01 10:19:26.604000,-0.41666287183761597,-0.0023192581720650196
2023-02-01 10:20:26.656000,-0.5066032409667969,-0.0022873887792229652
2023-02-01 10:21:26.659000,-0.5245920419692993,-0.002314317040145397
2023-02-01 10:22:26.662000,-0.4295552372932434,-0.0023581841960549355
2023-02-01 10:23:26.714000,-0.45327502489089966,-0.00232990481890738
2023-02-01 10:24:26.619000,-0.47388046979904175,-0.002355047734454274
2023-02-01 10:25:26.603000,-0.5318262577056885,-0.002402561018243432
2023-02-01 10:26:26.584000,-0.5136683583259583,-0.002352379960939288
2023-02-01 10:27:26.700000,-0.39748021960258484,-0.0023337630555033684
2023-02-01 10:28:26.797000,-0.48406121134757996,-0.002306536538526416
2023-02-01 10:29:26.657000,-0.4852655529975891,-0.002369973808526993
2023-02-01 10:30:26.617000,-0.47073230147361755,-0.0022622894030064344
2023-02-01 10:31:26.597000,-0.40123701095581055,-0.00231562159024179
2023-02-01 10:32:26.562000,-0.5021138787269592,-0.002355648670345545
2023-02-01 10:33:26.668000,-0.41988566517829895,-0.0023132285568863153
2023-02-01 10:34:26.658000,-0.4429689943790436,-0.0022453514393419027
2023-02-01 10:35:26.635000,-0.43701648712158203,-0.0023282142356038094
2023-02-01 10:36:26.677000,-0.4812180697917938,-0.0023417500779032707
2023-02-01 10:37:26.666000,-0.4741020202636719,-0.002295044483616948
2023-02-01 10:39:26.630000,-0.444342702627182,-0.002273195656016469
2023-02-01 10:40:26.690000,-0.5309538245201111,-0.0023372292052954435
2023-02-01 10:41:26.649000,-0.5758586525917053,-0.002326944377273321
2023-02-01 10:42:26.752000,-0.48802560567855835,-0.0023773096036165953
2023-02-01 10:43:26.807000,-0.5212525129318237,-0.002378474920988083
2023-02-01 10:44:26.653000,-0.5894142389297485,-0.0023497105576097965
2023-02-01 10:45:26.638000,-0.6137591004371643,-0.0023385868407785892
2023-02-01 10:46:26.567000,-0.6216830611228943,-0.0023958333767950535
2023-02-01 10:47:26.626000,-0.5936963558197021,-0.002423733239993453
2023-02-01 10:48:26.857000,-0.5678611397743225,-0.002135944552719593
2023-02-01 10:49:26.677000,-0.6316792368888855,-0.002324565313756466
2023-02-01 10:50:26.635000,-0.5815833806991577,-0.002565648639574647
2023-02-01 10:51:26.684000,-0.5511890649795532,-0.002245314186438918
2023-02-01 10:52:26.561000,-0.5431588888168335,-0.002265153918415308
2023-02-01 10:53:26.593000,-0.4684077203273773,-0.0025537500623613596
2023-02-01 10:54:26.606000,-0.6526767015457153,-0.0022959697525948286
2023-02-01 10:55:26.688000,-0.6729198098182678,-0.002348771318793297
2023-02-01 10:56:26.673000,-0.5691370368003845,-0.0023517804220318794
2023-02-01 10:57:26.584000,-0.5246716141700745,-0.002183829201385379
2023-02-01 10:58:26.615000,-0.4988926947116852,-0.0021146570798009634
2023-02-01 10:59:26.532000,-0.4376547336578369,-0.0023200269788503647
2023-02-01 11:00:26.615000,-0.5389247536659241,-0.002364249899983406
2023-02-01 11:01:26.696000,-0.5369540452957153,-0.002233186038210988
2023-02-01 11:02:26.561000,-0.45179495215415955,-0.002340511651709676
2023-02-01 11:03:26.526000,-0.47161227464675903,-0.002370750065892935
2023-02-01 11:04:26.506000,-0.5139351487159729,-0.00239711906760931
2023-02-01 11:05:26.545000,-0.5491875410079956,-0.002367552602663636
2023-02-01 11:06:26.582000,-0.5122419595718384,-0.002289853524416685
2023-02-01 11:07:26.643000,-0.46805864572525024,-0.0023432292509824038
2023-02-01 11:08:26.556000,-0.5426072478294373,-0.0023156749084591866
2023-02-01 11:09:26.639000,-0.517575204372406,-0.0023148946929723024
2023-02-01 11:10:26.580000,-0.5379241108894348,-0.0023140464909374714
2023-02-01 11:11:26.605000,-0.45828819274902344,-0.002320853527635336
2023-02-01 11:12:26.665000,-0.5697883367538452,-0.0023046829737722874
2023-02-01 11:13:26.516000,-0.6923477649688721,-0.0023235713597387075
2023-02-01 11:14:26.513000,-0.6545541882514954,-0.002345428569242358
2023-02-01 11:15:26.635000,-0.448772132396698,-0.0023401249200105667
2023-02-01 11:16:26.582000,-0.513847291469574,-0.0023717877920717
2023-02-01 11:17:26.555000,-0.5501880645751953,-0.002399605233222246
2023-02-01 11:18:26.645000,-0.46856430172920227,-0.0023826363030821085
2023-02-01 11:19:26.586000,-0.4708963930606842,-0.00238045840524137
2023-02-01 11:20:26.620000,-0.49888086318969727,-0.002404920058324933
2023-02-01 11:21:26.554000,-0.4966803193092346,-0.0023685384076088667
2023-02-01 11:22:26.533000,-0.44544517993927,-0.002451749984174967
2023-02-01 11:23:26.504000,-0.40608537197113037,-0.0023553213104605675
2023-02-01 11:24:26.485000,-0.47977563738822937,-0.0023891632445156574
2023-02-01 11:25:26.526000,-0.4886784553527832,-0.0023608484771102667
2023-02-01 11:26:26.562000,-0.3918599784374237,-0.002398075070232153
2023-02-01 11:27:26.581000,-0.4586109519004822,-0.002389000030234456
2023-02-01 11:28:26.644000,-0.47369417548179626,-0.0023164390586316586
2023-02-01 11:29:26.484000,-0.40028664469718933,-0.0023706250358372927
2023-02-01 11:30:26.538000,-0.4544985890388489,-0.0023217948619276285
2023-02-01 11:31:26.585000,-0.48294878005981445,-0.002348333364352584
2023-02-01 11:32:26.661000,-0.4478111267089844,-0.0023747647646814585
2023-02-01 11:33:26.562000,-0.4892108738422394,-0.002391117624938488
2023-02-01 11:34:26.618000,-0.5109214782714844,-0.002345465123653412
2023-02-01 11:35:26.588000,-0.483388215303421,-0.0024004103615880013
2023-02-01 11:36:26.776000,-0.45883527398109436,-0.002345690503716469
2023-02-01 11:37:26.553000,-0.49833545088768005,-0.002332499949261546
2023-02-01 11:38:26.615000,-0.5363498330116272,-0.0024985517375171185
2023-02-01 11:39:26.524000,-0.5503423810005188,-0.0023087947629392147
2023-02-01 11:40:26.521000,-0.45639750361442566,-0.0024011177010834217
2023-02-01 11:41:26.464000,-0.4853220582008362,-0.002425916725769639
2023-02-01 11:42:26.562000,-0.5157653093338013,-0.002455138834193349
2023-02-01 11:43:26.580000,-0.444408655166626,-0.0023102369159460068
2023-02-01 11:44:26.534000,-0.5296325087547302,-0.002320466563105583
2023-02-01 11:45:26.558000,-0.5267679691314697,-0.0023938182275742292
2023-02-01 11:46:26.601000,-0.4968146085739136,-0.002414342947304249
2023-02-01 11:47:26.529000,-0.49775728583335876,-0.002368577755987644
2023-02-01 11:48:26.630000,-0.5637898445129395,-0.0022523256484419107
2023-02-01 11:49:26.818000,-0.47469422221183777,-0.0023490749299526215
2023-02-01 11:50:26.511000,-0.4944171607494354,-0.0022291464265435934
2023-02-01 11:51:26.608000,-0.5578709244728088,-0.0022487500682473183
2023-02-01 11:52:26.445000,-0.44336965680122375,-0.0022416221909224987
2023-02-01 11:53:26.463000,-0.5292553901672363,-0.002347170142456889
2023-02-01 11:54:26.552000,-0.5254331231117249,-0.002228441881015897
2023-02-01 11:55:26.608000,-0.47772300243377686,-0.002274088328704238
2023-02-01 11:56:26.505000,-0.5726856589317322,-0.0023551539052277803
2023-02-01 11:57:26.496000,-0.6213599443435669,-0.002342534950003028
2023-02-01 11:58:26.524000,-0.627575695514679,-0.0023326000664383173
2023-02-01 11:59:26.517000,-0.5441871285438538,-0.00237473682500422
2023-02-01 12:00:26.528000,-0.510822594165802,-0.0023709472734481096
2023-02-01 12:01:26.498000,-0.4348996579647064,-0.002329000039026141
2023-02-01 12:02:26.492000,-0.5446898937225342,-0.002394000068306923
2023-02-01 12:03:26.567000,-0.4642959535121918,-0.00235849991440773
2023-02-01 12:04:26.548000,-0.5035305619239807,-0.0023779189214110374
2023-02-01 12:05:26.583000,-0.5220691561698914,-0.002391916699707508
2023-02-01 12:07:26.532000,-0.5252586603164673,-0.002397486474364996
2023-02-01 12:08:26.721000,-0.4681532382965088,-0.0023998888209462166
2023-02-01 12:09:26.517000,-0.45757627487182617,-0.002383640967309475
2023-02-01 12:10:26.477000,-0.5208403468132019,-0.0023887555580586195
2023-02-01 12:11:26.487000,-0.5529428720474243,-0.00238754041492939
2023-02-01 12:12:26.559000,-0.47325676679611206,-0.002380628604441881
2023-02-01 12:13:26.471000,-0.41120272874832153,-0.0024135587736964226
2023-02-01 12:14:26.469000,-0.5350527167320251,-0.002417593728750944
2023-02-01 12:15:26.721000,-0.5767302513122559,-0.002394227311015129
2023-02-01 12:16:26.474000,-0.6354978084564209,-0.0024256000760942698
2023-02-01 12:17:26.465000,-0.5852239727973938,-0.0023808064870536327
2023-02-01 12:18:26.470000,-0.5460692644119263,-0.002408052561804652
2023-02-01 12:19:26.391000,-0.41001972556114197,-0.0024028648622334003
2023-02-01 12:20:26.475000,-0.5020180344581604,-0.0023855743929743767
2023-02-01 12:21:26.547000,-0.4356827139854431,-0.002389209344983101
2023-02-01 12:22:26.507000,-0.4317711293697357,-0.002392499940469861
2023-02-01 12:23:26.476000,-0.4463699758052826,-0.002372999908402562
2023-02-01 12:24:26.434000,-0.5004492402076721,-0.00235722865909338
2023-02-01 12:25:26.441000,-0.4596869945526123,-0.002372405491769314
2023-02-01 12:26:26.465000,-0.46845540404319763,-0.0023359511978924274
2023-02-01 12:27:26.475000,-2.564602851867676,-0.0024283542297780514
2023-02-01 12:28:26.706000,-1.5028952360153198,-0.0024080555886030197
2023-02-01 12:29:26.527000,-0.5187099575996399,-0.00242779403924942
2023-02-01 12:30:26.510000,-0.5080760717391968,-0.002303030341863632
2023-02-01 12:31:26.387000,-0.5405004620552063,-0.002373871859163046
2023-02-01 12:32:26.402000,-0.4883442223072052,-0.0022924544755369425
2023-02-01 12:33:26.436000,-0.45670023560523987,-0.0023395896423608065
2023-02-01 12:34:26.434000,-0.5711069107055664,-0.0023901944514364004
2023-02-01 12:35:26.464000,-0.5354673266410828,-0.0024536284618079662
2023-02-01 12:36:26.524000,-0.4309671223163605,-0.0023220302537083626
2023-02-01 12:37:26.557000,-0.5089988112449646,-0.002354763215407729
2023-02-01 12:38:26.453000,-0.4968978464603424,-0.0024036045651882887
2023-02-01 12:39:26.417000,-0.4475603699684143,-0.002339209197089076
2023-02-01 12:40:26.460000,-0.4456517696380615,-0.0022818571887910366
2023-02-01 12:41:26.394000,-0.4920654296875,-0.0023981891572475433
2023-02-01 12:42:26.528000,-0.48797154426574707,-0.0022405500058084726
2023-02-01 12:43:26.382000,-0.5093293190002441,-0.002284459536895156
2023-02-01 12:44:26.437000,-0.4859001338481903,-0.0023249778896570206
2023-02-01 12:45:26.650000,-0.4655459225177765,-0.002437024377286434
2023-02-01 12:46:26.362000,-0.5018417239189148,-0.0022482858039438725
2023-02-01 12:47:26.448000,-0.528327226638794,-0.002392541617155075
2023-02-01 12:48:26.448000,-0.4404698610305786,-0.0022375641856342554
2023-02-01 12:49:26.414000,-0.4649260938167572,-0.0024515814147889614
2023-02-01 12:50:26.445000,-0.5177345871925354,-0.0023461622186005116
2023-02-01 12:51:26.461000,-0.5161332488059998,-0.0024341291282325983
2023-02-01 12:52:26.477000,-0.4751412272453308,-0.002298526233062148
2023-02-01 12:53:26.623000,-0.4550881087779999,-0.0023383500520139933
2023-02-01 12:54:26.351000,-0.5095086097717285,-0.0023448055144399405
2023-02-01 12:55:26.689000,-0.49840089678764343,-0.0023579061962664127
2023-02-01 12:56:26.341000,-0.5220744013786316,-0.0023487673606723547
2023-02-01 12:57:26.694000,-0.4177517592906952,-0.0024095110129565
2023-02-01 12:58:26.476000,-0.4557549059391022,-0.0023141612764447927
2023-02-01 12:59:26.357000,-0.46909764409065247,-0.0023125000298023224
2023-02-01 13:00:26.484000,-0.6476832032203674,-0.002272249897941947
2023-02-01 13:01:26.342000,-0.5949188470840454,-0.0023380399215966463
2023-02-01 13:02:26.354000,-0.42255377769470215,-0.002389185130596161
2023-02-01 13:03:26.642000,-0.5298891663551331,-0.0022736999671906233
2023-02-01 13:04:26.476000,-0.4219326376914978,-0.0023394583258777857
2023-02-01 13:05:26.404000,-0.470196008682251,-0.0023242044262588024
2023-02-01 13:06:26.377000,-0.42260268330574036,-0.0024029999040067196
2023-02-01 13:07:26.481000,-0.4846980571746826,-0.0023064857814460993
2023-02-01 13:08:26.307000,-0.4226488471031189,-0.002317847916856408
2023-02-01 13:09:26.505000,-0.4277428686618805,-0.002291416749358177
2023-02-01 13:10:26.347000,-0.5117449760437012,-0.002341466723009944
2023-02-01 13:11:26.392000,-0.49634429812431335,-0.0022739768028259277
2023-02-01 13:12:26.354000,-0.42106005549430847,-0.002457432448863983
2023-02-01 13:13:26.354000,-0.4815148413181305,-0.0023181333672255278
2023-02-01 13:14:26.425000,-0.479471355676651,-0.0023582354187965393
2023-02-01 13:15:26.338000,-0.48753049969673157,-0.0023680953308939934
2023-02-01 13:16:26.310000,-0.5756961703300476,-0.0024265896063297987
2023-02-01 13:17:26.376000,-0.6104040145874023,-0.002386815845966339
2023-02-01 13:18:27.393000,-0.5945836901664734,-0.0024298529606312513
2023-02-01 13:19:26.392000,-0.5065301060676575,-0.002418388845399022
2023-02-01 13:20:26.433000,-0.3697707951068878,-0.0024662103969603777
2023-02-01 13:21:26.406000,-0.4316348731517792,-0.002467136364430189
2023-02-01 13:22:26.444000,-0.4660167694091797,-0.0026067427825182676
2023-02-01 13:23:26.436000,-0.37442758679389954,-0.002515897387638688
2023-02-01 13:24:26.385000,-0.4424694776535034,-0.002296837279573083
2023-02-01 13:25:26.412000,-0.44219863414764404,-0.002233947394415736
2023-02-01 13:26:26.389000,-0.3855432868003845,-0.0023334999568760395
2023-02-01 13:27:26.394000,-0.39739787578582764,-0.0025373571552336216
2023-02-01 13:28:26.307000,-0.46092477440834045,-0.0024664211086928844
2023-02-01 13:29:26.325000,-0.3292279541492462,-0.0026047632563859224
2023-02-01 13:30:26.429000,-0.42568618059158325,-0.002409444423392415
2023-02-01 13:31:26.294000,-0.45556384325027466,-0.0025300937704741955
2023-02-01 13:32:26.408000,-0.3863586187362671,-0.002348650014027953
2023-02-01 13:33:26.358000,-0.4559186100959778,-0.002428428502753377
2023-02-01 13:34:26.369000,-0.40471920371055603,-0.002466147067025304
2023-02-01 13:35:26.338000,-0.3951719403266907,-0.0023696888238191605
2023-02-01 13:36:26.286000,-0.45577630400657654,-0.002340374980121851
2023-02-01 13:37:26.399000,-0.39549559354782104,-0.0023545129224658012
2023-02-01 13:38:26.315000,-0.33225393295288086,-0.0023837999906390905
2023-02-01 13:39:26.423000,-0.39805907011032104,-0.002369837835431099
2023-02-01 13:40:26.381000,-0.41540199518203735,-0.002354250056669116
2023-02-01 13:41:26.392000,-0.3603314161300659,-0.002379692392423749
2023-02-01 13:42:26.376000,-0.44233009219169617,-0.0022516485769301653
2023-02-01 13:43:26.316000,-0.38702788949012756,-0.0023821794893592596
2023-02-01 13:44:26.377000,-0.3203006088733673,-0.002359400037676096
2023-02-01 13:45:26.517000,-0.35448431968688965,-0.0023679428268224
2023-02-01 13:46:26.356000,-0.4056326150894165,-0.0023809210397303104
2023-02-01 13:47:26.405000,-0.41466888785362244,-0.0023342000786215067
2023-02-01 13:48:26.353000,-0.4046071469783783,-0.0023940238170325756
2023-02-01 13:49:26.412000,-0.32718002796173096,-0.0022272702772170305
2023-02-01 13:50:26.349000,-0.3604339063167572,-0.0023950322065502405
2023-02-01 13:51:26.351000,-0.4525758922100067,-0.002381640952080488
2023-02-01 13:52:26.356000,-0.42256680130958557,-0.0023290645331144333
2023-02-01 13:53:26.393000,-0.38752421736717224,-0.0023498637601733208
2023-02-01 13:54:26.608000,-0.3856521248817444,-0.0023386110551655293
2023-02-01 13:55:26.375000,-0.45083320140838623,-0.0023741000331938267
2023-02-01 13:56:26.360000,-0.44531339406967163,-0.002292151562869549
2023-02-01 13:57:26.530000,-0.35076451301574707,-0.002421305514872074
2023-02-01 13:58:26.395000,-0.4168108403682709,-0.002374289557337761
2023-02-01 13:59:26.400000,-0.44837820529937744,-0.002393405418843031
2023-02-01 14:00:26.314000,-0.36631685495376587,-0.0023278084117919207
2023-02-01 14:01:26.376000,-0.41582706570625305,-0.002391666639596224
2023-02-01 14:02:26.342000,-0.5431142449378967,-0.0023518409579992294
2023-02-01 14:03:26.320000,-0.5384354591369629,-0.0023599069099873304
2023-02-01 14:04:26.401000,-0.5715236663818359,-0.0023580961860716343
2023-02-01 14:05:26.231000,-0.4677210748195648,-0.002320435829460621
2023-02-01 14:06:26.359000,-0.3423817455768585,-0.002319222316145897
2023-02-01 14:07:26.344000,-0.4256037771701813,-0.0023320571053773165
2023-02-01 14:08:26.337000,-0.45379161834716797,-0.002336428500711918
2023-02-01 14:09:26.320000,-0.36937063932418823,-0.0023012564051896334
2023-02-01 14:10:26.268000,-0.44371649622917175,-0.0023556051310151815
2023-02-01 14:11:26.250000,-0.43916866183280945,-0.0023025143891572952
2023-02-01 14:12:26.226000,-0.39286065101623535,-0.002357871038839221
2023-02-01 14:13:26.336000,-0.44720563292503357,-0.0023608205374330282
2023-02-01 14:14:26.293000,-0.3472360670566559,-0.0023660750593990088
2023-02-01 14:15:26.404000,-0.43748319149017334,-0.0023499533999711275
2023-02-01 14:16:26.322000,-0.45327794551849365,-0.0023721111938357353
2023-02-01 14:17:26.335000,-0.3634941875934601,-0.0023421249352395535
2023-02-01 14:18:26.262000,-0.41944006085395813,-0.0023455945774912834
2023-02-01 14:19:26.311000,-0.44990596175193787,-0.0023306249640882015
2023-02-01 14:20:26.333000,-0.477314293384552,-0.002288911724463105
2023-02-01 14:21:26.306000,-0.41530653834342957,-0.0023983658757060766
2023-02-01 14:22:26.293000,-0.4506484866142273,-0.0023475349880754948
2023-02-01 14:23:26.314000,-0.4804112911224365,-0.0023423610255122185
2023-02-01 14:24:26.209000,-0.45186397433280945,-0.002339900005608797
2023-02-01 14:25:26.674000,-0.3935920000076294,-0.00234234775416553
2023-02-01 14:26:26.316000,-0.49265170097351074,-0.0022710952907800674
2023-02-01 14:27:26.282000,-0.39633655548095703,-0.0024722646921873093
2023-02-01 14:28:26.400000,-0.49947619438171387,-0.0022802683524787426
2023-02-01 14:29:26.295000,-0.43009111285209656,-0.0023153333459049463
2023-02-01 14:30:26.301000,-0.41828757524490356,-0.002270244527608156
2023-02-01 14:31:26.310000,-0.4992678761482239,-0.0023880244698375463
2023-02-01 14:32:26.303000,-0.4219672679901123,-0.0024495881516486406
2023-02-01 14:33:26.316000,-0.446300208568573,-0.0023206586483865976
2023-02-01 14:34:26.512000,-0.5132834911346436,-0.0023815000895410776
2023-02-01 14:35:26.188000,-0.39010098576545715,-0.002356628654524684
2023-02-01 14:36:26.250000,-0.45849665999412537,-0.002396105322986841
2023-02-01 14:37:26.322000,-0.472866028547287,-0.0023244472686201334
2023-02-01 14:38:26.384000,-0.45393651723861694,-0.0023262500762939453
2023-02-01 14:39:26.338000,-0.40030092000961304,-0.002410437446087599
2023-02-01 14:40:26.256000,-0.4853507876396179,-0.0024863514117896557
2023-02-01 14:41:26.366000,-0.42417940497398376,-0.002472999971359968
2023-02-01 14:42:26.318000,-0.44286733865737915,-0.0023384615778923035
2023-02-01 14:43:26.218000,-0.48028236627578735,-0.0023476427886635065
2023-02-01 14:44:26.228000,-0.4017707407474518,-0.002513093641027808
2023-02-01 14:45:26.229000,-0.4630916118621826,-0.002242192393168807
2023-02-01 14:46:26.519000,-0.46701523661613464,-0.0024173667188733816
2023-02-01 14:47:26.180000,-0.3821096122264862,-0.002360645215958357
2023-02-01 14:48:26.417000,-0.47725316882133484,-0.0023166153114289045
2023-02-01 14:49:26.223000,-0.6145097613334656,-0.002346326597034931
2023-02-01 14:50:26.315000,-0.5183104872703552,-0.0023983572609722614
2023-02-01 14:51:26.186000,-0.480004221200943,-0.002515944419428706
2023-02-01 14:52:26.278000,-0.5037894248962402,-0.0024211860727518797
2023-02-01 14:53:26.203000,-0.3809645175933838,-0.0023715554270893335
2023-02-01 14:54:26.312000,-0.5247348546981812,-0.002428875071927905
2023-02-01 14:55:26.251000,-0.3746680021286011,-0.0023520931135863066
2023-02-01 14:56:26.211000,-0.45695406198501587,-0.0023150951601564884
2023-02-01 14:57:26.429000,-0.46131575107574463,-0.0024196153972297907
2023-02-01 14:58:26.190000,-0.38543224334716797,-0.0023352368734776974
2023-02-01 14:59:26.179000,-0.46976351737976074,-0.0024460293352603912
2023-02-01 15:00:26.198000,-0.4030854403972626,-0.0024015000090003014
2023-02-01 15:01:26.195000,-0.4283423125743866,-0.002304235240444541
2023-02-01 15:02:26.255000,-0.4829696714878082,-0.002397305564954877
2023-02-01 15:03:26.170000,-0.357509046792984,-0.002466419246047735
2023-02-01 15:04:26.237000,-0.4883624017238617,-0.002432615263387561
2023-02-01 15:05:26.282000,-0.45684385299682617,-0.002411048859357834
2023-02-01 15:06:26.304000,-0.4066867530345917,-0.0024088919162750244
2023-02-01 15:07:26.260000,-0.6037462949752808,-0.0023471591994166374
2023-02-01 15:08:26.212000,-0.5660089254379272,-0.0023479999508708715
2023-02-01 15:09:26.222000,-0.3435062766075134,-0.0023594871163368225
2023-02-01 15:10:26.281000,-0.44856327772140503,-0.0023731612600386143
2023-02-01 15:11:26.258000,-0.37729811668395996,-0.002417333424091339
2023-02-01 15:12:26.241000,-0.4457314610481262,-0.002427394036203623
2023-02-01 15:13:26.270000,-0.411258339881897,-0.002416742965579033
2023-02-01 15:14:26.249000,-0.39357462525367737,-0.0024059582501649857
2023-02-01 15:15:26.153000,-0.4455169141292572,-0.0023822286166250706
2023-02-01 15:16:26.204000,-0.3796452283859253,-0.002388285705819726
2023-02-01 15:17:26.434000,-0.38723158836364746,-0.00245725573040545
2023-02-01 15:18:26.159000,-0.4541911482810974,-0.00240047718398273
2023-02-01 15:19:26.135000,-0.44272273778915405,-0.002424333244562149
2023-02-01 15:20:26.237000,-0.35218244791030884,-0.002419947413727641
2023-02-01 15:21:26.173000,-0.4260823130607605,-0.0024327419232577085
2023-02-01 15:22:26.198000,-0.48691657185554504,-0.002497617620974779
2023-02-01 15:23:27.167000,-0.45249035954475403,-0.0024289353750646114
2023-02-01 15:24:26.271000,-0.42861101031303406,-0.002506549935787916
2023-02-01 15:25:26.197000,-0.49211686849594116,-0.0022567836567759514
2023-02-01 15:26:26.152000,-0.46252205967903137,-0.0024166216608136892
2023-02-01 15:27:26.167000,-0.41136273741722107,-0.00218202848918736
2023-02-01 15:28:26.285000,-0.5055863857269287,-0.002425529295578599
2023-02-01 15:29:26.234000,-0.47718146443367004,-0.0026631555519998074
2023-02-01 15:30:26.206000,-0.38699790835380554,-0.002364096697419882
2023-02-01 15:31:26.182000,-0.4915027320384979,-0.002510824939236045
2023-02-01 15:32:26.104000,-0.5086085200309753,-0.002343342872336507
2023-02-01 15:33:26.201000,-0.48275864124298096,-0.00232697487808764
2023-02-01 15:34:26.194000,-0.3978239595890045,-0.0023972727358341217
2023-02-01 15:35:26.222000,-0.4722609519958496,-0.0027180768083781004
2023-02-01 15:36:26.119000,-0.5143775939941406,-0.002205285709351301
2023-02-01 15:37:26.106000,-0.4199598729610443,-0.002357166726142168
2023-02-01 15:38:26.143000,-0.49971553683280945,-0.002427352825179696
2023-02-01 15:39:26.246000,-0.47623908519744873,-0.0024090236984193325
2023-02-01 15:40:26.079000,-0.4368894100189209,-0.0023912570904940367
2023-02-01 15:41:26.100000,-0.546866238117218,-0.002420595148578286
2023-02-01 15:42:26.092000,-0.5006143450737,-0.0023882121313363314
2023-02-01 15:43:26.216000,-0.4990999698638916,-0.0023746443912386894
2023-02-01 15:44:26.202000,-0.6746607422828674,-0.0023986154701560736
2023-02-01 15:45:26.151000,-0.524604856967926,-0.0024121750611811876
2023-02-01 15:46:26.082000,-0.4459594786167145,-0.0023966189473867416
2023-02-01 15:47:26.161000,-0.4698466360569,-0.0024163334164768457
2023-02-01 15:48:26.151000,-0.5964219570159912,-0.002397499978542328
2023-02-01 15:49:26.143000,-0.752693235874176,-0.0024282571393996477
2023-02-01 15:50:26.161000,-0.6726524233818054,-0.002394899958744645
2023-02-01 15:51:26.097000,-0.7385478615760803,-0.002385965548455715
2023-02-01 15:52:26.211000,-0.7418503165245056,-0.0023259459994733334
2023-02-01 15:53:26.118000,-0.6581152081489563,-0.002357970690354705
2023-02-01 15:54:26.119000,-0.6935099959373474,-0.002395880874246359
2023-02-01 15:55:26.146000,-0.7264331579208374,-0.0024008823093026876
2023-02-01 15:56:26.143000,-0.6586995124816895,-0.002420600038021803
2023-02-01 15:57:26.173000,-0.6177908182144165,-0.0023707749787718058
2023-02-01 15:58:26.044000,-0.5831761360168457,-0.0024104565382003784
2023-02-01 15:59:26.155000,-0.5452542304992676,-0.002420299919322133
2023-02-01 16:00:26.150000,-0.4632750451564789,-0.002303906949236989
2023-02-01 16:01:26.178000,-0.5481829047203064,-0.0022761935833841562
2023-02-01 16:02:26.399000,-0.5415123105049133,-0.0022673332132399082
2023-02-01 16:03:26.116000,-0.4878680408000946,-0.002296911785379052
2023-02-01 16:04:26.154000,-0.5441761612892151,-0.0023609332274645567
2023-02-01 16:05:26.083000,-0.5060579180717468,-0.0023171515204012394
2023-02-01 16:06:26.113000,-0.5595765709877014,-0.002396361203864217
2023-02-01 16:07:26.106000,-0.5070440173149109,-0.0023806500248610973
2023-02-01 16:08:26.036000,-0.5738797187805176,-0.002378236735239625
2023-02-01 16:09:26.071000,-0.5755550861358643,-0.0024335896596312523
2023-02-01 16:10:26.056000,-0.4846731424331665,-0.002364973071962595
2023-02-01 16:11:26.194000,-0.6024349927902222,-0.002476693829521537
2023-02-01 16:12:26.120000,-0.5828613638877869,-0.0024304185062646866
2023-02-01 16:13:26.145000,-0.4851602017879486,-0.0024254359304904938
2023-02-01 16:14:26.154000,-0.6244509816169739,-0.002375558717176318
2023-02-01 16:15:26.164000,-0.6668596267700195,-0.0025585750117897987
2023-02-01 16:16:26.185000,-0.6934264302253723,-0.002337277866899967
2023-02-01 16:17:26.055000,-0.5954214930534363,-0.002452499931678176
2023-02-01 16:18:26.022000,-0.5099672675132751,-0.002483435906469822
2023-02-01 16:19:26.079000,-0.5266052484512329,-0.0023956315126270056
2023-02-01 16:20:26.103000,-0.5882288217544556,-0.002487571444362402
2023-02-01 16:21:26.114000,-0.5470556020736694,-0.0025697406381368637
2023-02-01 16:22:26.099000,-0.48988550901412964,-0.002321461448445916
2023-02-01 16:23:26.117000,-0.5441833734512329,-0.002406639978289604
2023-02-01 16:24:26.174000,-0.5931522250175476,-0.002463769167661667
2023-02-01 16:25:26.063000,-0.5406965613365173,-0.0025232499465346336
2023-02-01 16:26:26.129000,-0.4953717887401581,-0.0024943749886006117
2023-02-01 16:27:26.006000,-0.5832864046096802,-0.00230058073066175
2023-02-01 16:28:26.037000,-0.5858393311500549,-0.0024909188505262136
2023-02-01 16:29:26.020000,-0.4075372815132141,-0.002429000101983547
2023-02-01 16:30:26.035000,-0.43058300018310547,-0.002439473755657673
2023-02-01 16:31:26.166000,-0.4041212797164917,-0.0025337778497487307
2023-02-01 16:32:26.020000,-0.3714260160923004,-0.0026195498649030924
2023-02-01 16:33:26.141000,-0.4472290873527527,-0.002545841969549656
2023-02-01 16:34:26.095000,-0.41244977712631226,-0.0025251859333366156
2023-02-01 16:35:25.999000,-0.3111497759819031,-0.0024156749714165926
2023-02-01 16:36:26.059000,-0.4200383722782135,-0.0023350270930677652
2023-02-01 16:37:26.086000,-0.46082863211631775,-0.002397920936346054
2023-02-01 16:38:26.036000,-0.33951494097709656,-0.002415926894173026
2023-02-01 16:39:26.125000,-0.4534659683704376,-0.002407483756542206
2023-02-01 16:40:26.055000,-0.44802162051200867,-0.0024326222483068705
2023-02-01 16:41:26.074000,-0.43221044540405273,-0.0024160968605428934
2023-02-01 16:42:26.171000,-0.4927549958229065,-0.0024282648228108883
2023-02-01 16:43:26.101000,-0.5937669277191162,-0.0024182104971259832
2023-02-01 16:44:26.021000,-0.49890202283859253,-0.0024460232816636562
2023-02-01 16:45:26.028000,-0.41285786032676697,-0.002425071317702532
2023-02-01 16:46:26.053000,-0.36937248706817627,-0.002412447240203619
2023-02-01 16:47:26.114000,-0.45992374420166016,-0.0024468000046908855
2023-02-01 16:48:26.082000,-0.48040667176246643,-0.002433714224025607
2023-02-01 16:49:26.193000,-0.37898266315460205,-0.002452302258461714
2023-02-01 16:50:26.094000,-0.4185972511768341,-0.0024310587905347347
2023-02-01 16:51:25.986000,-0.4898281693458557,-0.0024628378450870514
2023-02-01 16:52:26.004000,-0.39304640889167786,-0.0024111750535666943
2023-02-01 16:53:26.050000,-0.4044870436191559,-0.0024090588558465242
2023-02-01 16:54:26.130000,-0.48009639978408813,-0.002437999937683344
2023-02-01 16:55:26.098000,-0.4801292419433594,-0.0024249025154858828
2023-02-01 16:56:25.956000,-0.37658095359802246,-0.002372763119637966
2023-02-01 16:57:26.047000,-0.4150684177875519,-0.0022928109392523766
2023-02-01 16:58:26.069000,-0.46007561683654785,-0.002256514271721244
2023-02-01 16:59:25.957000,-0.3681637942790985,-0.0023036410566419363
2023-02-01 17:00:26.047000,-0.38252827525138855,-0.002325939480215311
2023-02-01 17:01:26.050000,-0.4702090620994568,-0.002349606016650796
2023-02-01 17:02:26.015000,-0.4380640387535095,-0.0022953334264457226
2023-02-01 17:03:26.023000,-0.34685981273651123,-0.0022096000611782074
2023-02-01 17:04:25.987000,-0.39290177822113037,-0.002452000044286251
2023-02-01 17:05:26.038000,-0.433298796415329,-0.0026420834474265575
2023-02-01 17:06:25.971000,-0.3451839089393616,-0.0022614242043346167
2023-02-01 17:07:26.174000,-0.41143932938575745,-0.0023188204504549503
2023-02-01 17:08:26.030000,-0.44981998205184937,-0.002277740743011236
2023-02-01 17:09:26.027000,-0.30004245042800903,-0.002441410208120942
2023-02-01 17:10:26.039000,-0.3812905550003052,-0.002438413677737117
2023-02-01 17:11:26.049000,-0.41114869713783264,-0.002360205864533782
2023-02-01 17:12:26.027000,-0.32361921668052673,-0.002502710558474064
2023-02-01 17:13:25.959000,-0.3702830374240875,-0.0024205134250223637
2023-02-01 17:14:25.986000,-0.4104694724082947,-0.002461568219587207
2023-02-01 17:15:26.069000,-0.29590001702308655,-0.0024279486387968063
2023-02-01 17:16:26.024000,-0.37385010719299316,-0.0025295945815742016
2023-02-01 17:17:25.936000,-0.37509050965309143,-0.002368428511545062
2023-02-01 17:18:25.988000,-0.3023773431777954,-0.0027303409297019243
2023-02-01 17:19:25.940000,-0.3879002034664154,-0.0025847561191767454
2023-02-01 17:20:25.936000,-0.41473397612571716,-0.0024885383900254965
2023-02-01 17:21:26.049000,-0.45685985684394836,-0.0026389427948743105
2023-02-01 17:22:26.031000,-0.5538759827613831,-0.00237408559769392
2023-02-01 17:23:26.061000,-0.42063841223716736,-0.0026803589425981045
2023-02-01 17:24:25.996000,-0.4999473989009857,-0.0023001162335276604
2023-02-01 17:25:25.989000,-0.6744878888130188,-0.002547772601246834
2023-02-01 17:26:25.980000,-0.6444640159606934,-0.002441111020743847
2023-02-01 17:27:26.002000,-0.5682910680770874,-0.0024504545144736767
2023-02-01 17:28:26.010000,-0.6652592420578003,-0.0025592565070837736
2023-02-01 17:29:25.998000,-0.650458037853241,-0.002396523719653487
2023-02-01 17:30:25.985000,-0.5612463355064392,-0.002381309401243925
2023-02-01 17:31:25.984000,-0.6458423137664795,-0.002447780454531312
2023-02-01 17:32:25.976000,-0.6872454881668091,-0.0024532221723347902
2023-02-01 17:33:25.971000,-0.5852067470550537,-0.002431861124932766
2023-02-01 17:34:25.999000,-0.6488005518913269,-0.0024184882640838623
2023-02-01 17:35:26.230000,-0.676053524017334,-0.002445710590109229
2023-02-01 17:36:25.997000,-0.5743157267570496,-0.0024326571729034185
2023-02-01 17:37:25.975000,-0.6541732549667358,-0.00243334099650383
2023-02-01 17:38:25.987000,-0.6254590749740601,-0.002413648646324873
2023-02-01 17:39:26.061000,-0.5729743242263794,-0.00222291168756783
2023-02-01 17:40:26.037000,-0.6871951818466187,-0.0024315102491527796
2023-02-01 17:41:26.004000,-0.6182229518890381,-0.002496300032362342
2023-02-01 17:42:25.945000,-0.6592701077461243,-0.0023571387864649296
2023-02-01 17:43:25.997000,-0.7122853994369507,-0.0024117499124258757
2023-02-01 17:44:25.977000,-0.7475018501281738,-0.0022055134177207947
2023-02-01 17:45:26.070000,-0.8263875842094421,-0.002496771514415741
2023-02-01 17:46:25.961000,-0.621305525302887,-0.002279894659295678
2023-02-01 17:47:26.005000,-0.6040253043174744,-0.0021926278714090586
2023-02-01 17:48:25.949000,-0.6043722629547119,-0.002502195071429014
2023-02-01 17:49:25.970000,-0.5429651141166687,-0.0024701000656932592
2023-02-01 17:50:26.043000,-0.639203667640686,-0.002421122044324875
2023-02-01 17:51:25.959000,-0.6076022982597351,-0.00251031038351357
2023-02-01 17:52:25.912000,-0.4762883186340332,-0.002455219393596053
2023-02-01 17:53:25.962000,-0.5075077414512634,-0.0024756111670285463
2023-02-01 17:54:25.947000,-0.5062397122383118,-0.002460810821503401
2023-02-01 17:55:26.111000,-0.41561436653137207,-0.002455000067129731
2023-02-01 17:56:25.856000,-0.3759574890136719,-0.0025495749432593584
2023-02-01 17:57:25.936000,-0.3843934237957001,-0.0024540312588214874
2023-02-01 17:58:25.884000,-0.27983394265174866,-0.002427484840154648
2023-02-01 17:59:25.864000,-0.36732539534568787,-0.002437242306768894
2023-02-01 18:00:25.898000,-0.38827788829803467,-0.002560666762292385
2023-02-01 18:01:26.008000,-0.2733660340309143,-0.0024854799266904593
2023-02-01 18:02:25.892000,-0.3749605417251587,-0.0025372591335326433
2023-02-01 18:03:25.960000,-0.3930348753929138,-0.0024367407895624638
2023-02-01 18:04:25.947000,-0.3143201470375061,-0.0025154210161417723
2023-02-01 18:05:25.867000,-0.3332113027572632,-0.0025637082289904356
2023-02-01 18:06:25.946000,-0.4752383232116699,-0.0024716469924896955
2023-02-01 18:07:25.926000,-0.3635629117488861,-0.0023529999889433384
2023-02-01 18:08:26.005000,-0.4632103443145752,-0.0025735641829669476
2023-02-01 18:09:25.891000,-0.47709736227989197,-0.0025305640883743763
2023-02-01 18:10:25.896000,-0.40559276938438416,-0.0024487804621458054
2023-02-01 18:11:25.844000,-0.4939340054988861,-0.0023387630935758352
2023-02-01 18:12:25.994000,-0.39943668246269226,-0.002518079010769725
2023-02-01 18:13:25.889000,-0.4165474772453308,-0.0026062431279569864
2023-02-01 18:14:25.857000,-0.46660318970680237,-0.002442500088363886
2023-02-01 18:15:25.926000,-0.41815465688705444,-0.0024815404321998358
2023-02-01 18:16:26.108000,-0.36611050367355347,-0.0025790000800043344
2023-02-01 18:17:25.897000,-0.4408199191093445,-0.0023797000758349895
2023-02-01 18:18:26.054000,-0.43979889154434204,-0.002457756083458662
2023-02-01 18:19:25.864000,-0.3666750192642212,-0.002536242362111807
2023-02-01 18:20:25.883000,-0.46962809562683105,-0.002360435901209712
2023-02-01 18:21:25.889000,-0.4069848954677582,-0.0025307999458163977
2023-02-01 18:22:25.887000,-0.4211769700050354,-0.002446934813633561
2023-02-01 18:23:25.964000,-0.5016865730285645,-0.00253594433888793
2023-02-01 18:24:25.828000,-0.46998921036720276,-0.002439309610053897
2023-02-01 18:25:25.860000,-0.3793850839138031,-0.0024310732260346413
2023-02-01 18:26:25.924000,-0.49113592505455017,-0.002335571451112628
2023-02-01 18:27:25.898000,-0.45940372347831726,-0.0024299737997353077
2023-02-01 18:28:25.820000,-0.5117653012275696,-0.0024040231946855783
2023-02-01 18:29:25.934000,-0.565116822719574,-0.0024546743370592594
2023-02-01 18:30:25.885000,-0.46074721217155457,-0.0023503031115978956
2023-02-01 18:31:26.211000,-0.42771825194358826,-0.002409277716651559
2023-02-01 18:32:25.890000,-0.39445844292640686,-0.002398550044745207
2023-02-01 18:33:25.973000,-0.48183420300483704,-0.0024766046553850174
2023-02-01 18:34:25.946000,-0.4660555124282837,-0.0025050293188542128
2023-02-01 18:35:25.856000,-0.38945984840393066,-0.0024315365590155125
2023-02-01 18:36:25.937000,-0.4332435131072998,-0.002453400054946542
2023-02-01 18:37:25.881000,-0.4786161184310913,-0.0023509999737143517
2023-02-01 18:38:25.941000,-0.47457316517829895,-0.0024111750535666943
2023-02-01 18:39:25.941000,-0.3999600112438202,-0.0024790221359580755
2023-02-01 18:40:25.954000,-0.45778489112854004,-0.0024172381963580847
2023-02-01 18:41:25.835000,-0.46558868885040283,-0.002403374994173646
2023-02-01 18:42:25.847000,-0.4142180383205414,-0.0024310555309057236
2023-02-01 18:43:25.907000,-0.3889981508255005,-0.0023986364249140024
2023-02-01 18:44:25.811000,-0.461677223443985,-0.002464404795318842
2023-02-01 18:45:25.921000,-0.4469447731971741,-0.0023272058460861444
2023-02-01 18:46:25.845000,-0.527450442314148,-0.002383149927482009
2023-02-01 18:47:25.883000,-1.7051547765731812,-0.0023604000452905893
2023-02-01 18:48:25.823000,-0.5608776807785034,-0.0024574187118560076
2023-02-01 18:49:25.926000,-0.5889432430267334,-0.0024807045701891184
2023-02-01 18:50:25.946000,-0.5924455523490906,-0.0023512050975114107
2023-02-01 18:51:25.922000,-0.3975414037704468,-0.002489028498530388
2023-02-01 18:52:25.881000,-0.4378894865512848,-0.0024614250287413597
2023-02-01 18:53:25.890000,-0.4977298378944397,-0.0025098780170083046
2023-02-01 18:54:25.938000,-0.43159306049346924,-0.0026580714620649815
2023-02-01 18:55:25.929000,-0.41077712178230286,-0.002400794066488743
2023-02-01 18:56:25.824000,-0.48402199149131775,-0.0026427058037370443
2023-02-01 18:57:25.871000,-0.4133620262145996,-0.002476780442520976
2023-02-01 18:58:26.065000,-0.4368417263031006,-0.0024164614733308554
2023-02-01 18:59:25.839000,-0.4532080888748169,-0.0024884389713406563
2023-02-01 19:00:25.831000,-0.40286538004875183,-0.002412676578387618
2023-02-01 19:01:25.852000,-0.3996196389198303,-0.0023964473512023687
2023-02-01 19:02:25.793000,-0.47833919525146484,-0.0024765587877482176
2023-02-01 19:03:25.878000,-0.4092435836791992,-0.002423066645860672
2023-02-01 19:04:25.808000,-0.37546682357788086,-0.0024497273843735456
2023-02-01 19:05:25.811000,-0.45729467272758484,-0.00242509669624269
2023-02-01 19:06:25.751000,-0.442529559135437,-0.002458363538607955
2023-02-01 19:07:25.859000,-0.38878217339515686,-0.002429156331345439
2023-02-01 19:08:25.893000,-0.4663091003894806,-0.002441954566165805
2023-02-01 19:09:25.793000,-0.4906964600086212,-0.002381421159952879
2023-02-01 19:10:25.821000,-0.36288022994995117,-0.00244035292416811
2023-02-01 19:11:25.901000,-0.5017920136451721,-0.0024136248975992203
2023-02-01 19:12:25.752000,-0.417148619890213,-0.002446250058710575
2023-02-01 19:13:25.771000,-0.4129447937011719,-0.0024686045944690704
2023-02-01 19:14:25.828000,-0.4744114875793457,-0.002597418613731861
2023-02-01 19:15:25.790000,-0.45713475346565247,-0.0024915814865380526
2023-02-01 19:16:25.827000,-0.3943442404270172,-0.0024915714748203754
2023-02-01 19:17:25.851000,-0.46429285407066345,-0.0024672618601471186
2023-02-01 19:18:25.858000,-0.44840705394744873,-0.0024695834144949913
2023-02-01 19:19:25.794000,-0.3771921694278717,-0.002546297386288643
2023-02-01 19:20:25.870000,-0.4640234708786011,-0.0024208964314311743
2023-02-01 19:21:25.808000,-0.43232834339141846,-0.0023889089934527874
2023-02-01 19:22:25.834000,-0.4037899374961853,-0.0023130313493311405
2023-02-01 19:23:25.842000,-0.45983853936195374,-0.002494674874469638
2023-02-01 19:24:25.881000,-0.4168543815612793,-0.0025521081406623125
2023-02-01 19:25:25.874000,-0.3946263790130615,-0.0024732777383178473
2023-02-01 19:26:25.764000,-0.45603299140930176,-0.002465476281940937
2023-02-01 19:27:25.854000,-0.47584739327430725,-0.0024705713149160147
2023-02-01 19:28:25.822000,-0.38025060296058655,-0.002417466603219509
2023-02-01 19:29:25.813000,-0.4275142252445221,-0.002433258108794689
2023-02-01 19:30:26.287000,-0.45093607902526855,-0.0024574000854045153
2023-02-01 19:31:25.795000,-0.46154698729515076,-0.002469113562256098
2023-02-01 19:32:25.771000,-0.40150773525238037,-0.0024924634490162134
2023-02-01 19:33:25.795000,-0.4445054233074188,-0.0024451620411127806
2023-02-01 19:34:25.857000,-0.6490685343742371,-0.002460857154801488
2023-02-01 19:35:25.792000,-0.49200645089149475,-0.0024697566404938698
2023-02-01 19:36:25.698000,-0.4179329574108124,-0.002431199885904789
2023-02-01 19:37:25.721000,-0.46515342593193054,-0.0024845909792929888
2023-02-01 19:38:25.791000,-0.4110966920852661,-0.0024538158904761076
2023-02-01 19:39:25.728000,-0.45974764227867126,-0.002450948813930154
2023-02-01 19:40:25.785000,-0.3541468679904938,-0.0023754483554512262
2023-02-01 19:41:26.010000,-0.45308977365493774,-0.0025033478159457445
2023-02-01 19:42:25.936000,-0.4465041756629944,-0.0024327037390321493
2023-02-01 19:43:25.842000,-0.37519800662994385,-0.0024829143658280373
2023-02-01 19:44:25.829000,-0.4699855148792267,-0.0023939332459121943
2023-02-01 19:45:25.797000,-0.43747779726982117,-0.0025441935285925865
2023-02-01 19:46:25.777000,-0.37289804220199585,-0.0025247838348150253
2023-02-01 19:47:25.746000,-0.4002886116504669,-0.002457947237417102
2023-02-01 19:48:25.753000,-0.4110247790813446,-0.002500789472833276
2023-02-01 19:49:25.954000,-0.38356927037239075,-0.0024114870466291904
2023-02-01 19:50:25.695000,-0.3090498447418213,-0.0024747999850660563
2023-02-01 19:51:25.802000,-0.4165855944156647,-0.002499848371371627
2023-02-01 19:52:25.739000,-0.42941296100616455,-0.0024840605910867453
2023-02-01 19:53:25.806000,-0.3277127146720886,-0.002495243214070797
2023-02-01 19:54:25.824000,-0.5595809817314148,-0.0024439061526209116
2023-02-01 19:55:25.736000,-0.5858771204948425,-0.002429499989375472
2023-02-01 19:56:25.834000,-0.41093263030052185,-0.0023894445039331913
2023-02-01 19:57:25.692000,-0.46448948979377747,-0.002475179499015212
2023-02-01 19:58:25.778000,-0.3829624056816101,-0.0025203528348356485
2023-02-01 19:59:25.798000,-0.3568425476551056,-0.0025076286401599646
2023-02-01 20:00:25.735000,-0.46151530742645264,-0.0023879697546362877
2023-02-01 20:01:25.749000,-0.33385351300239563,-0.0025938048493117094
2023-02-01 20:02:25.692000,-0.43581628799438477,-0.0024079231079667807
2023-02-01 20:03:25.769000,-0.3984903395175934,-0.0023233224637806416
2023-02-01 20:04:25.672000,-0.4374353885650635,-0.002531562466174364
2023-02-01 20:05:25.696000,-0.4451923668384552,-0.002377414610236883
2023-02-01 20:06:25.753000,-0.35402926802635193,-0.002455948619171977
2023-02-01 20:08:25.718000,-0.3562532067298889,-0.002436775015667081
2023-02-01 20:09:25.656000,-0.4578384757041931,-0.0024501110892742872
2023-02-01 20:10:25.664000,-0.40027952194213867,-0.002419333439320326
2023-02-01 20:11:25.739000,-0.3568072021007538,-0.0023975882213562727
2023-02-01 20:12:25.756000,-0.4340270757675171,-0.0024415936786681414
2023-02-01 20:13:25.741000,-0.4519723355770111,-0.002425833372399211
2023-02-01 20:14:25.750000,-0.35964488983154297,-0.00238237832672894
2023-02-01 20:15:25.699000,-0.43089941143989563,-0.0024365116842091084
2023-02-01 20:16:25.766000,-0.4339653253555298,-0.0024158810265362263
2023-02-01 20:17:25.664000,-0.39887166023254395,-0.0024233500007539988
2023-02-01 20:18:25.695000,-0.36731740832328796,-0.0023716764990240335
2023-02-01 20:19:25.771000,-0.4503578543663025,-0.0024384118150919676
2023-02-01 20:20:25.652000,-0.41565191745758057,-0.002399119082838297
2023-02-01 20:21:25.646000,-0.3512948453426361,-0.002413121983408928
2023-02-01 20:22:25.931000,-0.40084904432296753,-0.0023929474409669638
2023-02-01 20:23:25.707000,-0.45876243710517883,-0.002400950063019991
2023-02-01 20:24:25.748000,-0.33706244826316833,-0.002438147086650133
2023-02-01 20:25:25.722000,-0.42576611042022705,-0.002453289460390806
2023-02-01 20:26:25.717000,-0.4385501742362976,-0.0024592324625700712
2023-02-01 20:27:25.762000,-0.33145976066589355,-0.0024473124649375677
2023-02-01 20:28:25.683000,-0.42152339220046997,-0.0024001351557672024
2023-02-01 20:29:25.727000,-0.4397915005683899,-0.002455031266435981
2023-02-01 20:30:25.981000,-0.416584312915802,-0.0023854391183704138
2023-02-01 20:31:25.775000,-0.3550454378128052,-0.002401358913630247
2023-02-01 20:32:25.676000,-0.47145572304725647,-0.0023909411393105984
2023-02-01 20:33:25.703000,-0.40672388672828674,-0.0024083659518510103
2023-02-01 20:34:25.636000,-0.38025814294815063,-0.002442921046167612
2023-02-01 20:35:25.718000,-0.42180338501930237,-0.0023912431206554174
2023-02-01 20:36:25.806000,-0.4449292719364166,-0.002466305624693632
2023-02-01 20:37:25.671000,-0.35725271701812744,-0.002496903296560049
2023-02-01 20:38:25.722000,-0.39492273330688477,-0.002454435918480158
2023-02-01 20:39:25.695000,-0.45391395688056946,-0.002504371339455247
2023-02-01 20:40:25.751000,-0.42366355657577515,-0.002322611166164279
2023-02-01 20:41:25.745000,-0.5478622317314148,-0.002586305607110262
2023-02-01 20:42:25.803000,-0.5373422503471375,-0.002470052568241954
2023-02-01 20:43:26.066000,-0.35659900307655334,-0.0020540000405162573
2023-02-01 20:44:25.655000,-0.3913955092430115,-0.0025329513009637594
2023-02-01 20:45:25.675000,-0.44054850935935974,-0.0025918837636709213
2023-02-01 20:46:25.676000,-0.402487188577652,-0.002543523907661438
2023-02-01 20:47:25.715000,-0.3788730204105377,-0.002655128948390484
2023-02-01 20:48:25.612000,-0.4455734193325043,-0.0024699117057025433
2023-02-01 20:49:25.608000,-0.44885310530662537,-0.002330470597371459
2023-02-01 20:50:25.632000,-0.36385130882263184,-0.002408907050266862
2023-02-01 20:51:25.609000,-0.38957393169403076,-0.002388454508036375
2023-02-01 20:52:25.664000,-0.43502920866012573,-0.002427470637485385
2023-02-01 20:53:25.663000,-0.4360073208808899,-0.0023439445067197084
2023-02-01 20:54:25.610000,-0.3765721917152405,-0.0024081794545054436
2023-02-01 20:55:25.724000,-0.34537985920906067,-0.0023800302296876907
2023-02-01 20:56:25.604000,-0.4256329834461212,-0.0023783498909324408
2023-02-01 20:57:25.734000,-0.43926241993904114,-0.0024436216335743666
2023-02-01 20:58:25.628000,-0.34486469626426697,-0.0024204524233937263
2023-02-01 20:59:25.591000,-0.41416051983833313,-0.0024007027968764305
2023-02-01 21:00:25.635000,-0.4975240230560303,-0.0024725713301450014
2023-02-01 21:01:25.713000,-0.5799078345298767,-0.002374055562540889
2023-02-01 21:02:25.678000,-0.4879484474658966,-0.002487525111064315
2023-02-01 21:03:25.611000,-0.45412105321884155,-0.0024042432196438313
2023-02-01 21:04:25.635000,-0.3545880913734436,-0.002442349912598729
2023-02-01 21:05:25.717000,-0.44324415922164917,-0.0024948788341134787
2023-02-01 21:06:25.644000,-0.3832561671733856,-0.0023508421145379543
2023-02-01 21:07:26.087000,-0.4316559433937073,-0.0024234375450760126
2023-02-01 21:08:25.642000,-0.370173841714859,-0.002496026922017336
2023-02-01 21:09:26.171000,-0.44488295912742615,-0.0024581514298915863
2023-02-01 21:10:25.658000,-0.4122236371040344,-0.0023996250238269567
2023-02-01 21:11:25.572000,-0.407196968793869,-0.002284799935296178
2023-02-01 21:12:25.640000,-0.42948636412620544,-0.0023419999051839113
2023-02-01 21:13:25.705000,-0.36087706685066223,-0.0023261471651494503
2023-02-01 21:14:25.599000,-0.4485601484775543,-0.0023104615975171328
2023-02-01 21:15:25.548000,-0.458325058221817,-0.0024075652472674847
2023-02-01 21:16:25.623000,-0.34458479285240173,-0.002400500001385808
2023-02-01 21:17:25.690000,-0.44821473956108093,-0.002374885603785515
2023-02-01 21:18:25.666000,-0.37586623430252075,-0.0024591137189418077
2023-02-01 21:19:25.565000,-0.4556695222854614,-0.002313516102731228
2023-02-01 21:20:25.665000,-0.32604289054870605,-0.002372374990954995
2023-02-01 21:21:25.618000,-0.4383883476257324,-0.002356370445340872
2023-02-01 21:22:25.615000,-0.401317298412323,-0.002440933370962739
2023-02-01 21:23:25.643000,-0.37671732902526855,-0.002357277786359191
2023-02-01 21:24:25.665000,-0.44612374901771545,-0.0023270000237971544
2023-02-01 21:25:25.673000,-0.4331372380256653,-0.0025099129416048527
2023-02-01 21:26:25.646000,-0.3472902178764343,-0.00242045009508729
2023-02-01 21:27:25.613000,-0.43310627341270447,-0.002465685596689582
2023-02-01 21:28:25.575000,-0.4373416304588318,-0.002368432469666004
2023-02-01 21:29:25.866000,-0.33101698756217957,-0.0024379566311836243
2023-02-01 21:30:25.698000,-0.4121232032775879,-0.002336756093427539
2023-02-01 21:31:25.576000,-0.445360392332077,-0.0024942895397543907
2023-02-01 21:32:25.999000,-0.35319197177886963,-0.0024718684144318104
2023-02-01 21:33:25.579000,-0.4605180323123932,-0.002470971317961812
2023-02-01 21:34:25.524000,-0.3840329051017761,-0.0025116584729403257
2023-02-01 21:35:25.564000,-0.37159836292266846,-0.002506640972569585
2023-02-01 21:36:25.666000,-0.4480101466178894,-0.002603318076580763
2023-02-01 21:37:25.619000,-0.4166550934314728,-0.002390348818153143
2023-02-01 21:38:25.603000,-0.3278355002403259,-0.002439199946820736
2023-02-01 21:39:25.602000,-0.41073691844940186,-0.0024820882827043533
2023-02-01 21:40:25.657000,-0.4417189359664917,-0.002453438937664032
2023-02-01 21:41:25.559000,-0.3497946560382843,-0.0024876922834664583
2023-02-01 21:42:25.609000,-0.44058939814567566,-0.002559547545388341
2023-02-01 21:43:25.556000,-0.43497273325920105,-0.002538250060752034
2023-02-01 21:44:25.552000,-0.35241058468818665,-0.0022933809086680412
2023-02-01 21:45:25.654000,-0.4043424725532532,-0.0022440769243985415
2023-02-01 21:46:25.648000,-0.46216991543769836,-0.002450042637065053
2023-02-01 21:47:25.662000,-0.42885786294937134,-0.0024052856024354696
2023-02-01 21:48:25.586000,-0.5465165972709656,-0.0022374389227479696
2023-02-01 21:49:25.619000,-0.5359513759613037,-0.0024735897313803434
2023-02-01 21:50:25.516000,-0.36433765292167664,-0.0023997249081730843
2023-02-01 21:51:25.520000,-0.39451342821121216,-0.002017818158492446
2023-02-01 21:52:25.536000,-0.47647997736930847,-0.0021423334255814552
2023-02-01 21:53:25.536000,-0.43620970845222473,-0.002258744090795517
2023-02-01 21:54:25.772000,-0.39294925332069397,-0.002239600056782365
2023-02-01 21:55:25.563000,-0.4911564588546753,-0.002207828452810645
2023-02-01 21:56:25.560000,-0.45040246844291687,-0.0023014498874545097
2023-02-01 21:57:26.071000,-0.3754681646823883,-0.0022988917771726847
2023-02-01 21:58:25.585000,-0.39002159237861633,-0.0024046285543590784
2023-02-01 21:59:25.528000,-0.42170003056526184,-0.0022100682836025953
2023-02-01 22:00:25.540000,-0.40809473395347595,-0.002313309581950307
2023-02-01 22:01:25.585000,-0.3516480624675751,-0.0024201110936701298
2023-02-01 22:02:25.569000,-0.3685075342655182,-0.0024168500676751137
2023-02-01 22:03:25.622000,-0.4310068190097809,-0.0023167498875409365
2023-02-01 22:04:25.579000,-0.3394652009010315,-0.0023215000983327627
2023-02-01 22:05:25.621000,-0.33516427874565125,-0.0024931998923420906
2023-02-01 22:06:25.536000,-0.433185875415802,-0.00246153655461967
2023-02-01 22:07:25.593000,-0.40462952852249146,-0.00243823672644794
2023-02-01 22:08:25.522000,-0.4949652850627899,-0.002394657116383314
2023-02-01 22:09:25.654000,-0.492389053106308,-0.002453609835356474
2023-02-01 22:10:25.515000,-0.46595141291618347,-0.002298085717484355
2023-02-01 22:11:25.579000,-0.330433189868927,-0.00240877503529191
2023-02-01 22:12:25.598000,-0.4044845402240753,-0.0023939188104122877
2023-02-01 22:13:25.566000,-0.4043726921081543,-0.0025233947671949863
2023-02-01 22:14:25.538000,-0.40883809328079224,-0.0023160262499004602
2023-02-01 22:15:25.559000,-0.39683467149734497,-0.002353619085624814
2023-02-01 22:16:25.488000,-0.3834345042705536,-0.0023546190932393074
2023-02-01 22:17:25.598000,-0.46478843688964844,-0.002378282602876425
2023-02-01 22:18:25.535000,-0.4258021414279938,-0.0024051314685493708
2023-02-01 22:19:25.504000,-0.37328559160232544,-0.00238973181694746
2023-02-01 22:20:25.581000,-0.4356941878795624,-0.002397727221250534
2023-02-01 22:21:25.555000,-0.46550247073173523,-0.002445675665512681
2023-02-01 22:22:25.527000,-0.4584839940071106,-0.002398249926045537
2023-02-01 22:23:25.493000,-0.4012978971004486,-0.0023933022748678923
2023-02-01 22:24:25.684000,-0.3959917426109314,-0.002395685762166977
2023-02-01 22:25:25.608000,-0.49094855785369873,-0.0024210000410676003
2023-02-01 22:26:25.610000,-0.42606791853904724,-0.0024207618553191423
2023-02-01 22:27:25.448000,-0.39079731702804565,-0.002415441209450364
2023-02-01 22:28:25.573000,-0.46476155519485474,-0.0023183138109743595
2023-02-01 22:29:25.558000,-0.45143386721611023,-0.00237991102039814
2023-02-01 22:30:25.618000,-0.4312116503715515,-0.0023644091561436653
2023-02-01 22:31:25.688000,-0.4235152006149292,-0.0024042222648859024
2023-02-01 22:32:25.503000,-0.4610441029071808,-0.0024076749105006456
2023-02-01 22:33:25.573000,-0.35530897974967957,-0.002369676483795047
2023-02-01 22:34:25.476000,-0.44235944747924805,-0.002322974381968379
2023-02-01 22:35:25.532000,-0.4535748064517975,-0.0023010768927633762
2023-02-01 22:36:25.800000,-0.339374303817749,-0.002395176561549306
2023-02-01 22:37:25.513000,-0.43796736001968384,-0.0024196363519877195
2023-02-01 22:38:25.542000,-0.4531157612800598,-0.0025574348401278257
2023-02-01 22:39:25.497000,-0.3986548185348511,-0.002478177659213543
2023-02-01 22:40:25.484000,-0.38411709666252136,-0.0024259428028017282
2023-02-01 22:41:25.690000,-0.4360402822494507,-0.0022667560260742903
2023-02-01 22:42:25.436000,-0.3853673040866852,-0.0024045854806900024
2023-02-01 22:43:25.500000,-0.46449166536331177,-0.002331692259758711
2023-02-01 22:44:25.591000,-0.3750242590904236,-0.0024283111561089754
2023-02-01 22:45:25.452000,-0.4487849771976471,-0.0024675813037902117
2023-02-01 22:46:25.550000,-0.3808300495147705,0.013612727634608746
2023-02-01 22:47:25.432000,-0.45103731751441956,0.009126975201070309
2023-02-01 22:48:25.477000,-0.45932307839393616,0.006338221952319145
2023-02-01 22:49:25.480000,-0.36412566900253296,0.007572973147034645
2023-02-01 22:50:25.452000,-0.448070764541626,0.010827512480318546
2023-02-01 22:51:25.481000,-0.47402599453926086,0.012942916713654995
2023-02-01 22:52:25.490000,-0.3978452682495117,0.01487794704735279
2023-02-01 22:53:25.538000,-0.4657808542251587,0.016732539981603622
2023-02-01 22:54:25.545000,-0.42762795090675354,0.018829410895705223
2023-02-01 22:55:25.461000,-0.46777087450027466,0.020388945937156677
2023-02-01 22:56:25.595000,-0.6294251084327698,0.021274350583553314
2023-02-01 22:57:25.440000,-0.47018885612487793,0.02391807921230793
2023-02-01 22:58:25.464000,-0.5190295577049255,0.027253473177552223
2023-02-01 22:59:25.466000,-2.0525312423706055,0.03141983225941658
2023-02-01 23:00:25.494000,-2.42236590385437,0.03413165360689163
2023-02-01 23:01:25.525000,-0.642812192440033,0.03482866659760475
2023-02-01 23:02:25.457000,-0.5241152048110962,0.034801676869392395
2023-02-01 23:03:25.489000,-0.5444343686103821,0.03498220071196556
2023-02-01 23:04:25.477000,-0.5264667868614197,0.03710263594985008
2023-02-01 23:05:25.442000,-0.5537599325180054,0.03923900052905083
2023-02-01 23:06:25.513000,-0.4809812009334564,0.04146164655685425
2023-02-01 23:07:25.420000,-0.515244722366333,0.042900748550891876
2023-02-01 23:08:25.477000,-0.5721664428710938,0.043498922139406204
2023-02-01 23:09:25.411000,-0.49187204241752625,0.043366268277168274
2023-02-01 23:10:25.451000,-0.5013509392738342,0.04289853572845459
2023-02-01 23:11:25.494000,-0.5726046562194824,0.04231174290180206
2023-02-01 23:12:25.392000,-0.49734607338905334,0.042567916214466095
2023-02-01 23:13:25.509000,-0.51859050989151,0.044165000319480896
2023-02-01 23:14:25.578000,-0.5684953927993774,0.046963855624198914
2023-02-01 23:15:25.438000,-0.4764430820941925,0.05101307854056358
2023-02-01 23:16:25.442000,-0.6970187425613403,0.0526152104139328
2023-02-01 23:17:25.443000,-0.6344743371009827,0.05344422906637192
2023-02-01 23:18:25.494000,-0.5905774235725403,0.05571082979440689
2023-02-01 23:19:25.477000,-0.5117092728614807,0.06097500026226044
2023-02-01 23:20:25.454000,-0.491754412651062,0.07178335636854172
2023-02-01 23:21:25.391000,-0.5163503885269165,0.1356743574142456
2023-02-01 23:22:25.489000,-0.5083346366882324,0.1922181397676468
2023-02-01 23:23:25.671000,-0.5326130390167236,0.19953109323978424
2023-02-01 23:24:25.434000,-0.5420553088188171,0.19998562335968018
2023-02-01 23:25:25.409000,-0.4785539209842682,0.2238447368144989
2023-02-01 23:26:25.411000,-0.49309295415878296,0.25411760807037354
2023-02-01 23:27:25.422000,-0.5664277076721191,0.2825561463832855
2023-02-01 23:28:25.484000,-0.5346546769142151,0.31998875737190247
2023-02-01 23:29:25.466000,-0.45522475242614746,0.3889278471469879
2023-02-01 23:30:25.437000,-0.5686826705932617,0.38558903336524963
2023-02-01 23:31:25.403000,-0.4806898534297943,0.3565206825733185
2023-02-01 23:32:25.481000,-0.5735506415367126,0.32625967264175415
2023-02-01 23:33:25.482000,-0.4944770932197571,0.33077454566955566
2023-02-01 23:34:25.446000,-0.5574464201927185,0.33957868814468384
2023-02-01 23:35:25.415000,-0.5342409610748291,0.3927454352378845
2023-02-01 23:36:25.401000,-0.49280014634132385,0.4378775954246521
2023-02-01 23:37:25.446000,-0.5931325554847717,0.41028454899787903
2023-02-01 23:38:25.422000,-0.5946804285049438,0.3892761766910553
2023-02-01 23:39:25.315000,-2.4873862266540527,0.3883655071258545
2023-02-01 23:40:25.418000,-1.1678334474563599,0.36280715465545654
2023-02-01 23:41:25.475000,-0.41503506898880005,0.36148566007614136
2023-02-01 23:42:25.425000,-0.5443453788757324,0.3899524509906769
2023-02-01 23:43:25.380000,-0.4525706171989441,0.4041280448436737
2023-02-01 23:44:25.446000,-0.5377280712127686,0.44561538100242615
2023-02-01 23:45:25.458000,-0.4409034252166748,0.4615125060081482
2023-02-01 23:46:25.407000,-0.5246552228927612,0.4750179648399353
2023-02-01 23:47:25.396000,-0.4999542534351349,0.48341071605682373
2023-02-01 23:48:25.398000,-0.4640619456768036,0.46315428614616394
2023-02-01 23:49:25.312000,-0.5174723267555237,0.48982468247413635
2023-02-01 23:50:25.474000,-0.5539541840553284,0.5056928992271423
2023-02-01 23:51:25.416000,-0.4813215434551239,0.5332260727882385
2023-02-01 23:52:25.363000,-0.6018571257591248,0.5611736178398132
2023-02-01 23:53:25.375000,-0.4960901141166687,0.55498868227005
2023-02-01 23:54:25.319000,-0.6062944531440735,0.5243279933929443
2023-02-01 23:55:25.425000,-0.49096670746803284,0.5528212785720825
2023-02-01 23:56:25.365000,-0.5835592746734619,0.5732125043869019
2023-02-01 23:57:25.462000,-0.5494914054870605,0.5976588129997253
2023-02-01 23:58:25.344000,-0.4873465895652771,0.6679610013961792
2023-02-01 23:59:25.367000,-0.5786136984825134,0.7136116027832031
2023-02-02 00:00:25.450000,-0.5537949204444885,0.6988843083381653
2023-02-02 00:01:25.426000,-0.4861653447151184,0.746120810508728
2023-02-02 00:02:25.307000,-0.590546190738678,0.8117529153823853
2023-02-02 00:03:25.394000,-0.5664187669754028,0.8778335452079773
2023-02-02 00:04:25.369000,-0.6819342970848083,0.895515501499176
2023-02-02 00:05:25.395000,-0.6065878868103027,0.901647686958313
2023-02-02 00:06:25.413000,-0.5500520467758179,0.9368994832038879
2023-02-02 00:07:25.417000,-0.4636658728122711,0.9004233479499817
2023-02-02 00:08:25.423000,-0.5535723567008972,0.9179289937019348
2023-02-02 00:09:25.331000,-0.5703215003013611,0.9664016366004944
2023-02-02 00:10:25.356000,-0.47114425897598267,0.9785834550857544
2023-02-02 00:11:25.445000,-0.5455623865127563,0.9687479138374329
2023-02-02 00:12:25.516000,-0.5849185585975647,1.0174224376678467
2023-02-02 00:13:25.407000,-0.48589953780174255,1.0431140661239624
2023-02-02 00:14:25.457000,-0.5582330226898193,1.077013373374939
2023-02-02 00:15:25.409000,-0.5763095021247864,1.103915810585022
2023-02-02 00:16:25.308000,-0.48894426226615906,1.1399908065795898
2023-02-02 00:17:25.377000,-0.6082230806350708,1.1690901517868042
2023-02-02 00:18:25.276000,-0.6605216264724731,1.1799402236938477
2023-02-02 00:19:25.295000,-0.6747047901153564,1.0959856510162354
2023-02-02 00:20:25.450000,-0.5722587704658508,1.048946499824524
2023-02-02 00:21:25.280000,-0.5211805105209351,1.2299436330795288
2023-02-02 00:22:25.354000,-0.605121374130249,1.2465366125106812
2023-02-02 00:23:25.402000,-0.5578977465629578,1.276720643043518
2023-02-02 00:24:25.304000,-0.6574124693870544,1.3020622730255127
2023-02-02 00:25:25.390000,-0.8543268442153931,1.3127144575119019
2023-02-02 00:26:25.339000,-0.6623121500015259,1.317307949066162
2023-02-02 00:27:25.323000,-0.6193498373031616,1.3257737159729004
2023-02-02 00:28:25.395000,-0.6171807050704956,1.326553463935852
2023-02-02 00:29:25.402000,-0.591010570526123,1.329094409942627
2023-02-02 00:30:25.333000,-0.4827442467212677,1.315059781074524
2023-02-02 00:31:25.283000,-0.5813412666320801,1.3249491453170776
2023-02-02 00:32:25.284000,-0.4874776005744934,1.3104201555252075
2023-02-02 00:33:25.433000,-0.5583344101905823,1.3479851484298706
2023-02-02 00:34:25.315000,-0.5493203401565552,1.3459062576293945
2023-02-02 00:35:25.227000,-0.5129775404930115,1.351608395576477
2023-02-02 00:36:25.378000,-0.5699723362922668,1.347421646118164
2023-02-02 00:37:25.311000,-0.4665152132511139,1.351892113685608
2023-02-02 00:38:25.346000,-0.5612056851387024,1.3609285354614258
2023-02-02 00:39:25.369000,-0.5479271411895752,1.3734196424484253
2023-02-02 00:40:25.272000,-0.44761142134666443,1.3867433071136475
2023-02-02 00:41:25.399000,-0.5056883096694946,1.3890806436538696
2023-02-02 00:42:25.302000,-0.489247590303421,1.4008243083953857
2023-02-02 00:43:25.366000,-0.4156031608581543,1.4128189086914062
2023-02-02 00:44:25.410000,-0.4997829496860504,1.416856050491333
2023-02-02 00:45:25.326000,-0.17652706801891327,1.4282697439193726
2023-02-02 00:46:25.271000,-0.13285401463508606,1.440762996673584
2023-02-02 00:47:25.349000,-0.10837075114250183,1.458789587020874
2023-02-02 00:48:25.275000,-0.10119955241680145,1.4739036560058594
2023-02-02 00:49:25.354000,-0.10275454819202423,1.4884428977966309
2023-02-02 00:50:25.349000,-0.10382536798715591,1.494323492050171
2023-02-02 00:51:25.319000,-0.10488541424274445,1.5048590898513794
2023-02-02 00:52:25.343000,-0.11651446670293808,1.5174823999404907
2023-02-02 00:53:25.311000,-0.11891026794910431,1.5298863649368286
2023-02-02 00:54:25.302000,-0.12009719759225845,1.547790288925171
2023-02-02 00:55:25.267000,-0.12042683362960815,1.559112548828125
2023-02-02 00:56:25.318000,-0.11201496422290802,1.5723477602005005
2023-02-02 00:57:25.252000,-0.11107181757688522,1.5870652198791504
2023-02-02 00:58:25.537000,-0.1115923523902893,1.6033439636230469
2023-02-02 00:59:25.215000,-0.11168146878480911,1.6197220087051392
2023-02-02 01:00:25.340000,-0.11225110292434692,1.627956748008728
2023-02-02 01:01:25.259000,-0.1127651184797287,1.6422632932662964
2023-02-02 01:02:25.292000,-0.11237754672765732,1.654644250869751
2023-02-02 01:03:25.232000,-0.11253198236227036,1.6691535711288452
2023-02-02 01:04:25.334000,-0.10792521387338638,1.6804896593093872
2023-02-02 01:05:25.224000,-0.10353803634643555,1.6938546895980835
2023-02-02 01:06:25.244000,-0.10359273105859756,1.6992557048797607
2023-02-02 01:07:25.305000,-0.10385168343782425,1.7052394151687622
2023-02-02 01:08:25.321000,-0.10396164655685425,1.7152236700057983
2023-02-02 01:09:25.264000,-0.10137521475553513,1.7223116159439087
2023-02-02 01:10:25.320000,-0.10240751504898071,1.7349588871002197
2023-02-02 01:11:25.231000,-0.10335169732570648,1.7414352893829346
2023-02-02 01:12:25.290000,-0.24346040189266205,1.7451878786087036
2023-02-02 01:13:25.236000,-0.25318872928619385,1.7503689527511597
2023-02-02 01:14:25.297000,-0.12488168478012085,1.7544410228729248
2023-02-02 01:15:25.306000,-0.11913226544857025,1.7701424360275269
2023-02-02 01:16:25.249000,-0.0957346186041832,1.7832176685333252
2023-02-02 01:17:25.219000,-0.07044679671525955,1.7966779470443726
2023-02-02 01:18:25.278000,-0.0712011307477951,1.8041188716888428
2023-02-02 01:19:25.387000,-0.07200170308351517,1.801032543182373
2023-02-02 01:20:25.310000,-0.07207293063402176,1.8175808191299438
2023-02-02 01:21:25.274000,-0.07013440132141113,1.8291645050048828
2023-02-02 01:22:25.219000,-0.07085618376731873,1.8306010961532593
2023-02-02 01:23:25.334000,-0.07198691368103027,1.8418843746185303
2023-02-02 01:24:25.275000,-0.07170280069112778,1.8509552478790283
2023-02-02 01:25:25.215000,-0.06982806324958801,1.8610477447509766
2023-02-02 01:26:25.279000,-0.07081711292266846,1.859473705291748
2023-02-02 01:27:25.188000,-0.07174903154373169,1.8719902038574219
2023-02-02 01:28:25.219000,-0.07107889652252197,1.8633933067321777
2023-02-02 01:29:25.227000,-0.06967148184776306,1.865159034729004
2023-02-02 01:30:25.287000,-0.07112958282232285,1.8804233074188232
2023-02-02 01:31:25.176000,-0.0979902520775795,1.8947906494140625
2023-02-02 01:32:25.222000,-0.22815527021884918,1.9035303592681885
2023-02-02 01:33:25.195000,-0.26916125416755676,1.9230701923370361
2023-02-02 01:34:25.258000,-0.20314770936965942,1.9290944337844849
2023-02-02 01:35:25.218000,-0.13151657581329346,1.936488389968872
2023-02-02 01:36:25.391000,-0.123959481716156,1.9638372659683228
2023-02-02 01:37:25.278000,-0.12300298362970352,1.9803543090820312
2023-02-02 01:38:25.278000,-0.12453123182058334,1.9728472232818604
2023-02-02 01:39:25.232000,-0.125444233417511,1.9913326501846313
2023-02-02 01:40:25.324000,-0.12406638264656067,2.0029993057250977
2023-02-02 01:41:25.211000,-0.12347777932882309,2.014331579208374
2023-02-02 01:42:25.290000,-0.1230705976486206,2.0195960998535156
2023-02-02 01:43:25.217000,-0.12217199802398682,2.0326759815216064
2023-02-02 01:44:25.225000,-0.12234622985124588,2.042607307434082
2023-02-02 01:45:25.383000,-0.12285900115966797,2.037508249282837
2023-02-02 01:46:25.227000,-0.12260089814662933,1.9435755014419556
2023-02-02 01:47:25.210000,-0.12154243141412735,2.0202605724334717
2023-02-02 01:48:25.221000,-0.11156031489372253,2.075507879257202
2023-02-02 01:49:25.419000,-0.10255665332078934,2.052060842514038
2023-02-02 01:50:25.257000,-0.10044629871845245,2.0861387252807617
2023-02-02 01:51:25.227000,-0.10167822986841202,2.0939416885375977
2023-02-02 01:52:25.187000,-0.1113658994436264,2.102132558822632
2023-02-02 01:53:25.245000,-0.1140747144818306,2.1155238151550293
2023-02-02 01:54:25.236000,-0.11486558616161346,2.1205708980560303
2023-02-02 01:55:25.302000,-0.11625149846076965,2.1324846744537354
2023-02-02 01:56:25.261000,-0.10881490260362625,2.1416425704956055
2023-02-02 01:57:25.175000,-0.10784023255109787,2.1517536640167236
2023-02-02 01:58:25.174000,-0.10863196849822998,2.160029649734497
2023-02-02 01:59:25.121000,-0.10973010212182999,2.170351982116699
2023-02-02 02:00:25.267000,-0.11070430278778076,2.178112745285034
2023-02-02 02:01:25.225000,-0.11153068393468857,2.1810500621795654
2023-02-02 02:02:25.230000,-0.11267441511154175,2.1995604038238525
2023-02-02 02:03:25.120000,-0.11315996944904327,2.219980478286743
2023-02-02 02:04:25.139000,-0.11493411660194397,2.2238645553588867
2023-02-02 02:05:25.171000,-0.11427641659975052,2.227952241897583
2023-02-02 02:06:25.229000,-0.10886361449956894,2.2280871868133545
2023-02-02 02:07:25.218000,-0.1051059365272522,2.220292806625366
2023-02-02 02:08:25.141000,-0.10454092919826508,2.2214760780334473
2023-02-02 02:09:25.201000,-0.10494903475046158,2.2346179485321045
2023-02-02 02:10:25.190000,-0.10437463223934174,2.23454213142395
2023-02-02 02:11:25.272000,-0.10220962017774582,2.2407069206237793
2023-02-02 02:12:25.136000,-0.10833562910556793,2.244554042816162
2023-02-02 02:13:25.108000,-0.11134913563728333,2.2513461112976074
2023-02-02 02:14:25.197000,-0.11195450276136398,2.263699531555176
2023-02-02 02:15:25.237000,-0.11009865254163742,2.2631278038024902
2023-02-02 02:16:25.156000,-0.10375158488750458,2.255439281463623
2023-02-02 02:17:25.167000,-0.10115145146846771,2.2613351345062256
2023-02-02 02:18:25.155000,-0.10175063461065292,2.2458417415618896
2023-02-02 02:19:25.124000,-0.10018199682235718,2.2408852577209473
2023-02-02 02:20:25.147000,-0.20963792502880096,2.269246816635132
2023-02-02 02:21:25.193000,-0.24547582864761353,2.283498525619507
2023-02-02 02:22:25.096000,-0.1375643014907837,2.2707386016845703
2023-02-02 02:23:25.135000,-0.10016928613185883,2.3096930980682373
2023-02-02 02:24:25.119000,-0.10151798278093338,2.322749137878418
2023-02-02 02:25:25.188000,-0.1026126816868782,2.2627718448638916
2023-02-02 02:26:25.391000,-0.10072244703769684,2.240295886993408
2023-02-02 02:27:25.231000,-0.0996147021651268,2.2475204467773438
2023-02-02 02:28:25.243000,-0.1000480130314827,2.2568531036376953
2023-02-02 02:29:25.139000,-0.09951481968164444,2.2805399894714355
2023-02-02 02:30:25.336000,-0.09882625192403793,2.2528176307678223
2023-02-02 02:31:25.087000,-0.09838853031396866,2.2480251789093018
2023-02-02 02:32:25.213000,-0.10811121761798859,2.241177797317505
2023-02-02 02:33:25.099000,-0.11203818023204803,2.2459354400634766
2023-02-02 02:34:25.112000,-0.11254453659057617,2.289651870727539
2023-02-02 02:35:25.091000,-0.11279954761266708,2.3360960483551025
2023-02-02 02:36:25.121000,-0.10629818588495255,2.354463577270508
2023-02-02 02:37:25.134000,-0.1048199012875557,2.357032299041748
2023-02-02 02:38:25.072000,-0.1031804159283638,2.3734326362609863
2023-02-02 02:39:25.274000,-0.1343560814857483,2.3880395889282227
2023-02-02 02:40:25.226000,-0.25659680366516113,2.414762258529663
2023-02-02 02:41:25.138000,-0.24899207055568695,2.411884307861328
2023-02-02 02:42:25.128000,-0.07467151433229446,2.3976361751556396
2023-02-02 02:43:25.087000,-0.0709187462925911,2.4044430255889893
2023-02-02 02:44:25.052000,-0.07253505289554596,2.4088544845581055
2023-02-02 02:45:25.087000,-0.07298121601343155,2.4316720962524414
2023-02-02 02:46:25.060000,-0.07135723531246185,2.443636894226074
2023-02-02 02:47:25.111000,-0.07070405036211014,2.4616823196411133
2023-02-02 02:48:25.170000,-0.07201908528804779,2.4560916423797607
2023-02-02 02:49:25.214000,-0.07281609624624252,2.467101573944092
2023-02-02 02:50:25.139000,-0.07247016578912735,2.493581771850586
2023-02-02 02:51:25.086000,-0.07229356467723846,2.504669189453125
2023-02-02 02:52:25.100000,-0.08271956443786621,2.4885003566741943
2023-02-02 02:53:25.197000,-0.08704423159360886,2.4872560501098633
2023-02-02 02:54:25.161000,-0.08750613033771515,2.4660470485687256
2023-02-02 02:55:25.091000,-0.0891435295343399,2.115074396133423
2023-02-02 02:56:25.075000,-0.09321661293506622,2.198603391647339
2023-02-02 02:57:25.084000,-0.12472071498632431,2.4428341388702393
2023-02-02 02:58:25.072000,-0.12361907958984375,2.4639389514923096
2023-02-02 02:59:25.134000,-0.12758059799671173,2.4656009674072266
2023-02-02 03:00:25.140000,-0.12948034703731537,2.4194798469543457
2023-02-02 03:01:25.118000,-0.13070999085903168,2.5337483882904053
2023-02-02 03:02:25.103000,-0.1323537528514862,2.562070608139038
2023-02-02 03:03:25.048000,-0.1327519714832306,2.579332113265991
2023-02-02 03:04:25.166000,-0.13333645462989807,2.523671865463257
2023-02-02 03:05:25.074000,-0.1337369829416275,2.5128393173217773
2023-02-02 03:06:25.095000,-0.13398733735084534,2.4915318489074707
2023-02-02 03:07:25.156000,-0.13448572158813477,2.4044382572174072
2023-02-02 03:08:25.008000,-0.13004149496555328,2.3607592582702637
2023-02-02 03:09:25.020000,-0.12491346895694733,2.206230640411377
2023-02-02 03:10:25.363000,-0.12319453060626984,1.968424916267395
2023-02-02 03:11:25.126000,-0.12450855225324631,2.240730047225952
2023-02-02 03:12:25.142000,-0.12128908187150955,2.2684760093688965
2023-02-02 03:13:25.024000,-0.11548413336277008,2.233945369720459
2023-02-02 03:14:25.057000,-0.11256144940853119,2.35195255279541
2023-02-02 03:15:25.071000,-0.38646072149276733,2.4854443073272705
2023-02-02 03:16:25.126000,-0.39379197359085083,2.5313880443573
2023-02-02 03:17:25.114000,-0.390598326921463,2.625096559524536
2023-02-02 03:18:25.031000,-0.3898640275001526,2.448035478591919
2023-02-02 03:19:25.072000,-0.3890102505683899,2.215508460998535
2023-02-02 03:20:24.994000,-0.386271208524704,1.5892021656036377
2023-02-02 03:21:25.032000,-0.3888508379459381,2.173707962036133
2023-02-02 03:22:25.081000,-0.3725595772266388,2.5281667709350586
2023-02-02 03:23:25.051000,-0.37354373931884766,2.6346065998077393
2023-02-02 03:24:25.615000,-0.3308379054069519,2.67983078956604
2023-02-02 03:25:25.383000,-0.22082042694091797,2.505199670791626
2023-02-02 03:26:25.320000,-0.22050146758556366,2.003462076187134
2023-02-02 03:27:25.359000,-0.2836903929710388,2.4328370094299316
2023-02-02 03:28:25.309000,-0.36753034591674805,1.7487316131591797
2023-02-02 03:29:25.395000,-0.29947471618652344,2.0885610580444336
2023-02-02 03:30:25.051000,-0.23961025476455688,1.9640874862670898
2023-02-02 03:31:25.170000,-0.23878172039985657,1.6466575860977173
2023-02-02 03:32:25.051000,-0.24603283405303955,1.9337983131408691
2023-02-02 03:33:25.070000,-0.24844443798065186,1.4727519750595093
2023-02-02 03:34:25.056000,-0.2501181960105896,1.9728816747665405
2023-02-02 03:35:25.011000,-0.24719376862049103,1.477156162261963
2023-02-02 03:36:25.043000,-0.23578672111034393,1.501238226890564
2023-02-02 03:37:25.085000,-0.08473777025938034,1.2591304779052734
2023-02-02 03:38:25.090000,-0.08529986441135406,1.7314937114715576
2023-02-02 03:39:24.974000,-0.08520498126745224,1.4731556177139282
2023-02-02 03:40:24.982000,-0.08519276976585388,1.403680443763733
2023-02-02 03:41:25.007000,-0.08527341485023499,1.8214843273162842
2023-02-02 03:42:25.037000,-0.0855330154299736,1.1599847078323364
2023-02-02 03:43:25.037000,-0.08838341385126114,1.0847374200820923
2023-02-02 03:44:24.959000,-0.11371380090713501,1.1767206192016602
2023-02-02 03:45:24.994000,-0.11791929602622986,1.0601515769958496
2023-02-02 03:46:25.101000,-0.14679135382175446,1.1785939931869507
2023-02-02 03:47:24.943000,-0.27025771141052246,1.0981615781784058
2023-02-02 03:48:25.047000,-0.2581155002117157,1.0982327461242676
2023-02-02 03:49:25.007000,-0.1218133345246315,1.171535611152649
2023-02-02 03:50:25.054000,-0.11430003494024277,1.0502796173095703
2023-02-02 03:51:25.022000,-0.11308218538761139,1.0147820711135864
2023-02-02 03:52:25.069000,-0.11843504756689072,1.0434688329696655
2023-02-02 03:53:24.955000,-0.12326719611883163,0.995051383972168
2023-02-02 03:54:25,-0.12411531805992126,0.9725248217582703
2023-02-02 03:55:25.066000,-0.12371709942817688,0.989046037197113
2023-02-02 03:56:24.984000,-0.1170460656285286,0.9765124320983887
2023-02-02 03:57:25.035000,-0.112701416015625,0.9651566743850708
2023-02-02 03:58:25.260000,-0.11201826483011246,0.9956620931625366
2023-02-02 03:59:24.963000,-0.11055268347263336,1.0119194984436035
2023-02-02 04:00:25.019000,-0.11018706858158112,1.0254648923873901
2023-02-02 04:01:24.998000,-0.11045105010271072,1.0022684335708618
2023-02-02 04:02:25.022000,-0.11045436561107635,0.9794264435768127
2023-02-02 04:03:24.919000,-0.1100756824016571,0.9457016587257385
2023-02-02 04:04:25.022000,-0.07717568427324295,0.9330874681472778
2023-02-02 04:05:25.026000,-0.0783182829618454,0.9131050109863281
2023-02-02 04:06:24.959000,-0.08214043080806732,0.9218487739562988
2023-02-02 04:07:25.057000,-0.08438179641962051,0.8684452176094055
2023-02-02 04:08:24.928000,-0.08589278161525726,0.8478209376335144
2023-02-02 04:09:24.998000,-0.08671601861715317,0.8549447059631348
2023-02-02 04:10:24.940000,-0.09173519909381866,0.8962064981460571
2023-02-02 04:11:25.040000,-0.08893463015556335,0.8620957136154175
2023-02-02 04:12:25.011000,-1.1095026731491089,0.8504733443260193
2023-02-02 04:13:24.979000,-2.0818045139312744,0.8674483895301819
2023-02-02 04:14:25.010000,-2.1515145301818848,0.9118686318397522
2023-02-02 04:15:24.987000,-3.308255195617676,0.9476625323295593
2023-02-02 04:16:25.065000,-1.4153962135314941,1.0169957876205444
2023-02-02 04:17:24.948000,-1.1128690242767334,1.2157645225524902
2023-02-02 04:18:24.976000,-0.8399989604949951,1.3839200735092163
2023-02-02 04:19:24.971000,-0.4430411159992218,1.5638244152069092
2023-02-02 04:20:25.033000,-0.7337313294410706,1.3231688737869263
2023-02-02 04:21:24.904000,-0.7359086871147156,1.4148380756378174
2023-02-02 04:22:25.014000,-0.7405312061309814,1.4969943761825562
2023-02-02 04:23:25.005000,-0.7633498907089233,1.2434288263320923
2023-02-02 04:24:24.923000,-0.7631576657295227,1.1010923385620117
2023-02-02 04:25:24.899000,-0.7602677941322327,1.0933080911636353
2023-02-02 04:26:25.027000,-0.758121132850647,1.0380500555038452
2023-02-02 04:27:24.948000,-0.7588070631027222,1.0052063465118408
2023-02-02 04:28:24.943000,-0.7581454515457153,0.9717783331871033
2023-02-02 04:29:24.982000,-0.7544193863868713,0.9644474983215332
2023-02-02 04:30:24.896000,-0.7493929862976074,1.0256998538970947
2023-02-02 04:31:24.896000,-0.7254555225372314,1.1774003505706787
2023-02-02 04:32:24.935000,-0.7186647653579712,1.1879578828811646
2023-02-02 04:33:24.970000,-0.7296231389045715,1.3011590242385864
2023-02-02 04:34:24.884000,-0.8631696701049805,1.4342210292816162
2023-02-02 04:35:24.908000,-0.8317912220954895,1.5151432752609253
2023-02-02 04:36:24.942000,-0.8953919410705566,1.8167040348052979
2023-02-02 04:37:24.993000,-2.183793544769287,1.8991743326187134
2023-02-02 04:38:24.987000,-0.6940032839775085,2.1800873279571533
2023-02-02 04:39:24.934000,-0.6724526286125183,1.8153715133666992
2023-02-02 04:40:25.001000,-0.6727790236473083,2.0332181453704834
2023-02-02 04:41:24.924000,-0.5872143507003784,2.359591484069824
2023-02-02 04:42:24.920000,-0.592670202255249,2.275563955307007
2023-02-02 04:43:25.185000,-0.56183922290802,2.4111063480377197
2023-02-02 04:44:24.916000,-0.5597156286239624,1.6448743343353271
2023-02-02 04:45:24.996000,-0.5585874915122986,1.6523029804229736
2023-02-02 04:46:24.891000,-0.5728263258934021,1.7598568201065063
2023-02-02 04:47:24.970000,-0.5241560935974121,1.999503254890442
2023-02-02 04:48:24.958000,-0.5342954993247986,2.317203998565674
2023-02-02 04:49:24.861000,-0.5899609327316284,2.481210947036743
2023-02-02 04:50:24.984000,-0.47090640664100647,2.543980360031128
2023-02-02 04:51:24.934000,-0.7082564830780029,2.3348324298858643
2023-02-02 04:52:24.959000,-0.6934923529624939,2.0803937911987305
2023-02-02 04:53:24.974000,-0.6276017427444458,1.7281765937805176
2023-02-02 04:54:24.968000,-0.5247135162353516,1.8698313236236572
2023-02-02 04:55:24.929000,-0.498163104057312,2.292771577835083
2023-02-02 04:56:24.918000,-0.5547977685928345,2.1914193630218506
2023-02-02 04:57:24.933000,-0.5395452976226807,1.6649203300476074
2023-02-02 04:58:24.981000,-0.5700887441635132,1.8413382768630981
2023-02-02 04:59:24.927000,-0.49773305654525757,1.806161642074585
2023-02-02 05:00:24.933000,-0.5062351226806641,2.2853779792785645
2023-02-02 05:01:24.933000,-0.5599104166030884,1.855300784111023
2023-02-02 05:02:24.844000,-0.5588474869728088,2.0491058826446533
2023-02-02 05:03:24.947000,-0.47452282905578613,2.0172576904296875
2023-02-02 05:04:24.918000,-0.5684046149253845,2.14607572555542
2023-02-02 05:05:24.985000,-0.5035398006439209,2.2084155082702637
2023-02-02 05:06:24.985000,-0.4181021749973297,2.3119688034057617
2023-02-02 05:07:24.839000,-0.524869978427887,2.3319969177246094
2023-02-02 05:08:25.068000,-0.5194287896156311,2.1893415451049805
2023-02-02 05:09:25.002000,-0.44136711955070496,1.986312985420227
2023-02-02 05:10:24.957000,-0.5004307627677917,1.688703179359436
2023-02-02 05:11:24.923000,-0.49308937788009644,1.584038496017456
2023-02-02 05:12:24.926000,-0.4049089252948761,1.4968196153640747
2023-02-02 05:13:24.879000,-0.5020256042480469,1.8795521259307861
2023-02-02 05:14:24.879000,-0.4988052546977997,2.108839511871338
2023-02-02 05:15:24.875000,-0.4962674081325531,2.0275111198425293
2023-02-02 05:16:24.974000,-0.40649834275245667,1.9585964679718018
2023-02-02 05:17:25.074000,-0.4681136906147003,1.7181882858276367
2023-02-02 05:18:24.927000,-0.5148162245750427,1.9034364223480225
2023-02-02 05:19:24.922000,-0.4566475450992584,1.9106231927871704
2023-02-02 05:20:24.895000,-0.5332030653953552,1.938046932220459
2023-02-02 05:21:24.977000,-0.5369310975074768,1.9205310344696045
2023-02-02 05:22:24.956000,-0.46617192029953003,1.9281511306762695
2023-02-02 05:23:24.867000,-0.5423306226730347,1.9237213134765625
2023-02-02 05:24:25.017000,-0.5583609342575073,2.0200161933898926
2023-02-02 05:25:24.994000,-0.5230122208595276,1.9322000741958618
2023-02-02 05:26:24.949000,-0.488829106092453,1.8617631196975708
2023-02-02 05:27:24.923000,-0.5900517106056213,1.821628212928772
2023-02-02 05:28:25.060000,-0.5145716071128845,1.9065669775009155
2023-02-02 05:29:24.867000,-0.3190504014492035,1.9374310970306396
2023-02-02 05:30:24.904000,-0.18997330963611603,1.8234124183654785
2023-02-02 05:31:24.947000,-0.13385505974292755,2.03521728515625
2023-02-02 05:32:24.928000,-0.13320067524909973,2.0776045322418213
2023-02-02 05:33:24.903000,-0.13078685104846954,2.1370906829833984
2023-02-02 05:34:24.883000,-0.12640468776226044,2.218390941619873
2023-02-02 05:35:24.828000,-0.1260845959186554,2.235562562942505
2023-02-02 05:36:24.827000,-0.11973216384649277,2.2337965965270996
2023-02-02 05:37:24.855000,-0.10882434993982315,2.3312270641326904
2023-02-02 05:38:24.914000,-0.10387784987688065,2.2327518463134766
2023-02-02 05:39:24.947000,-0.12496111541986465,2.045182228088379
2023-02-02 05:40:24.911000,-0.25395655632019043,2.1659507751464844
2023-02-02 05:41:24.808000,-0.25019487738609314,2.094543218612671
2023-02-02 05:42:24.800000,-0.1372072994709015,2.09246563911438
2023-02-02 05:43:24.882000,-0.13758467137813568,2.073284387588501
2023-02-02 05:44:24.889000,-0.14134980738162994,1.9387480020523071
2023-02-02 05:45:24.831000,-0.13932791352272034,1.9242814779281616
2023-02-02 05:46:24.897000,-0.13989406824111938,2.085530996322632
2023-02-02 05:47:24.779000,-0.14113688468933105,2.075146198272705
2023-02-02 05:48:24.863000,-0.14141401648521423,2.061997652053833
2023-02-02 05:49:24.855000,-0.1401403248310089,2.034024238586426
2023-02-02 05:50:24.898000,-0.13968227803707123,2.004676103591919
2023-02-02 05:51:24.879000,-0.1423473209142685,2.0272324085235596
2023-02-02 05:52:24.832000,-0.14565350115299225,1.826103925704956
2023-02-02 05:53:24.854000,-0.14959406852722168,1.8601268529891968
2023-02-02 05:54:24.850000,-0.14749346673488617,1.6552332639694214
2023-02-02 05:55:24.827000,-0.15044772624969482,1.6547130346298218
2023-02-02 05:56:24.870000,-0.14630737900733948,1.5486748218536377
2023-02-02 05:57:24.929000,-0.15394572913646698,1.4726749658584595
2023-02-02 05:58:24.844000,-0.2964218854904175,1.4431774616241455
2023-02-02 05:59:24.882000,-0.28330516815185547,1.315414547920227
2023-02-02 06:00:24.812000,-0.14897383749485016,1.3616046905517578
2023-02-02 06:01:24.873000,-0.13174140453338623,1.3038252592086792
2023-02-02 06:02:24.866000,-0.1328786313533783,1.2051762342453003
2023-02-02 06:03:24.881000,-0.14129769802093506,1.2549726963043213
2023-02-02 06:04:24.787000,-0.14689914882183075,1.2648735046386719
2023-02-02 06:05:24.799000,-0.14676928520202637,1.2320886850357056
2023-02-02 06:06:24.808000,-0.1471388190984726,1.3349792957305908
2023-02-02 06:07:25.015000,-0.14395858347415924,1.1504170894622803
2023-02-02 06:08:24.877000,-0.14010481536388397,1.1051123142242432
2023-02-02 06:09:24.771000,-0.13104501366615295,1.119518756866455
2023-02-02 06:10:24.834000,-0.1309303492307663,1.036524772644043
2023-02-02 06:11:24.841000,-0.13082188367843628,1.0628389120101929
2023-02-02 06:12:24.859000,-0.13703295588493347,1.0510942935943604
2023-02-02 06:13:24.799000,-0.15742287039756775,1.1311454772949219
2023-02-02 06:14:24.835000,-0.6194052696228027,1.1607578992843628
2023-02-02 06:15:24.889000,-0.6297023296356201,1.2417258024215698
2023-02-02 06:16:24.752000,-0.6404723525047302,1.3801242113113403
2023-02-02 06:17:24.860000,-0.6407729983329773,1.3637750148773193
2023-02-02 06:18:24.869000,-0.6380026936531067,1.4555697441101074
2023-02-02 06:19:24.751000,-0.630613386631012,1.302864909172058
2023-02-02 06:20:24.768000,-0.6323971748352051,1.2664828300476074
2023-02-02 06:21:24.813000,-0.5717888474464417,1.212839126586914
2023-02-02 06:22:24.807000,-0.354098916053772,1.1918480396270752
2023-02-02 06:23:24.841000,-0.6691678166389465,1.0132215023040771
2023-02-02 06:24:24.744000,-0.6733891367912292,0.900814414024353
2023-02-02 06:25:24.845000,-0.6742187738418579,0.9755784273147583
2023-02-02 06:26:24.750000,-0.6784209609031677,0.9842379093170166
2023-02-02 06:27:24.815000,-0.6663438677787781,0.9585504531860352
2023-02-02 06:28:24.787000,-0.6960984468460083,0.6935255527496338
2023-02-02 06:29:24.794000,-0.6571602821350098,0.6670902967453003
2023-02-02 06:30:24.789000,-0.6148224472999573,0.9154518246650696
2023-02-02 06:31:24.724000,-0.5893833637237549,0.9275373220443726
2023-02-02 06:32:24.736000,-0.5939547419548035,0.7506460547447205
2023-02-02 06:33:24.842000,-0.596171498298645,0.9431390762329102
2023-02-02 06:34:24.747000,-0.43942752480506897,0.9467030763626099
2023-02-02 06:35:24.732000,-0.5094972848892212,0.8616539835929871
2023-02-02 06:36:24.740000,-0.5072725415229797,0.8138650059700012
2023-02-02 06:37:24.732000,-0.4136413335800171,0.7062308192253113
2023-02-02 06:38:24.793000,-0.4500637352466583,0.7121686339378357
2023-02-02 06:39:24.791000,-0.5417356491088867,0.6336554884910583
2023-02-02 06:40:24.845000,-0.42508450150489807,0.6187852025032043
2023-02-02 06:41:24.716000,-0.40481695532798767,0.6799992918968201
2023-02-02 06:42:24.889000,-0.4478010833263397,0.7565302848815918
2023-02-02 06:43:24.751000,-0.65840744972229,0.7406553030014038
2023-02-02 06:44:24.845000,-0.5997598171234131,0.7678662538528442
2023-02-02 06:45:24.841000,-0.5677333474159241,0.8255422115325928
2023-02-02 06:46:24.781000,-0.5066480040550232,0.703556478023529
2023-02-02 06:47:24.847000,-0.6513091921806335,0.62050461769104
2023-02-02 06:48:24.804000,-0.5230016708374023,0.5962842106819153
2023-02-02 06:49:24.688000,-0.5113197565078735,0.5826141238212585
2023-02-02 06:50:24.731000,-0.5272377133369446,0.5846325159072876
2023-02-02 06:51:24.789000,-0.6223456859588623,0.5813454985618591
2023-02-02 06:52:25.014000,-0.5982083678245544,0.5678242444992065
2023-02-02 06:53:24.678000,-0.5260875225067139,0.5618396401405334
2023-02-02 06:54:24.740000,-0.514167845249176,0.5590813755989075
2023-02-02 06:55:24.814000,-0.5469136238098145,0.567038893699646
2023-02-02 06:56:24.851000,-0.6145778298377991,0.5766101479530334
2023-02-02 06:57:24.736000,-0.5995324850082397,0.5780649781227112
2023-02-02 06:58:24.766000,-0.48043546080589294,0.5811522603034973
2023-02-02 06:59:24.735000,-0.4655117094516754,0.6037609577178955
2023-02-02 07:00:24.715000,-0.45883604884147644,0.6227247714996338
2023-02-02 07:01:24.821000,-0.5757192969322205,0.6313774585723877
2023-02-02 07:02:24.782000,-0.6516317129135132,0.6395768523216248
2023-02-02 07:03:24.798000,-0.6013609170913696,0.6425760984420776
2023-02-02 07:04:24.747000,-0.5435917377471924,0.6288345456123352
2023-02-02 07:05:24.668000,-0.5085243582725525,0.6054403781890869
2023-02-02 07:06:24.762000,-0.6087129712104797,0.5888304710388184
2023-02-02 07:07:24.767000,-0.47266513109207153,0.5825774073600769
2023-02-02 07:08:24.670000,-0.4386516511440277,0.5902220606803894
2023-02-02 07:09:24.770000,-0.4791141152381897,0.6026716828346252
2023-02-02 07:10:24.750000,-0.5559395551681519,0.6137939691543579
2023-02-02 07:11:24.707000,-0.5536203384399414,0.6296034455299377
2023-02-02 07:12:24.673000,-0.4771389067173004,0.6503592729568481
2023-02-02 07:13:24.685000,-0.4638141691684723,0.6765188574790955
2023-02-02 07:14:24.826000,-0.4687154293060303,0.6644996404647827
2023-02-02 07:15:24.794000,-0.5717543363571167,0.6334041953086853
2023-02-02 07:16:24.765000,-0.5902177691459656,0.5988527536392212
2023-02-02 07:17:24.691000,-0.48072704672813416,0.5876038074493408
2023-02-02 07:18:24.664000,-0.4648536741733551,0.5989280343055725
2023-02-02 07:19:24.704000,-0.4646141529083252,0.596327006816864
2023-02-02 07:20:24.826000,-0.543757438659668,0.5475834012031555
2023-02-02 07:21:24.712000,-0.5810144543647766,0.5240589380264282
2023-02-02 07:22:24.721000,-0.4643983542919159,0.5100855231285095
2023-02-02 07:23:24.766000,-0.4402126669883728,0.5143226981163025
2023-02-02 07:24:24.782000,-0.44941845536231995,0.5432160496711731
2023-02-02 07:25:24.700000,-0.5949869155883789,0.5799782872200012
2023-02-02 07:26:24.709000,-0.4655897915363312,0.6568875908851624
2023-02-02 07:27:24.644000,-0.45112037658691406,0.6376204490661621
2023-02-02 07:28:24.738000,-0.4251541793346405,0.7555224299430847
2023-02-02 07:29:24.773000,-0.5261741876602173,0.8322170376777649
2023-02-02 07:30:24.718000,-0.4615553617477417,0.8811720013618469
2023-02-02 07:31:24.742000,-0.3797067701816559,0.7863432168960571
2023-02-02 07:32:24.738000,-0.38666674494743347,0.7634361386299133
2023-02-02 07:33:24.933000,-0.4084829092025757,0.7722839713096619
2023-02-02 07:34:24.699000,-0.4343361556529999,0.8220562934875488
2023-02-02 07:35:24.667000,-0.5085664391517639,0.8538857102394104
2023-02-02 07:36:24.703000,-0.42528223991394043,0.9753931164741516
2023-02-02 07:37:24.640000,-0.4163706600666046,0.886019229888916
2023-02-02 07:38:24.712000,-0.3979724645614624,0.7503681182861328
2023-02-02 07:39:24.620000,-0.4132063388824463,0.6785115599632263
2023-02-02 07:40:24.741000,-0.4985406696796417,0.6655313372612
2023-02-02 07:41:24.736000,-0.5003057718276978,0.5798634886741638
2023-02-02 07:42:24.667000,-0.3878442645072937,0.48697513341903687
2023-02-02 07:43:24.632000,-0.3798859417438507,0.46490493416786194
2023-02-02 07:44:24.726000,-0.4298514425754547,0.4371316134929657
2023-02-02 07:45:24.678000,-0.5302314162254333,0.5825072526931763
2023-02-02 07:46:24.633000,-0.47986409068107605,0.5360570549964905
2023-02-02 07:47:24.636000,-0.5603721737861633,0.4696667790412903
2023-02-02 07:48:24.622000,-0.5562136173248291,0.4891718029975891
2023-02-02 07:49:24.766000,-0.5177977085113525,0.44593632221221924
2023-02-02 07:50:25.079000,-0.5491185188293457,0.4020731747150421
2023-02-02 07:51:24.631000,-0.43823564052581787,0.3870682120323181
2023-02-02 07:52:24.714000,-0.4401121437549591,0.372539222240448
2023-02-02 07:53:24.672000,-0.46401137113571167,0.3522760272026062
2023-02-02 07:54:24.647000,-0.53484046459198,0.3249233067035675
2023-02-02 07:55:24.680000,-0.5357409119606018,0.30309173464775085
2023-02-02 07:56:24.699000,-0.43385860323905945,0.2801564335823059
2023-02-02 07:57:24.717000,-0.43619832396507263,0.2531936764717102
2023-02-02 07:58:24.730000,-0.4282771050930023,0.23091469705104828
2023-02-02 07:59:24.666000,-0.46680712699890137,0.2088242471218109
2023-02-02 08:00:24.632000,-0.5502031445503235,0.19540712237358093
2023-02-02 08:01:24.681000,-0.44197866320610046,0.18513259291648865
2023-02-02 08:02:24.604000,-0.40551677346229553,0.17864640057086945
2023-02-02 08:03:24.689000,-0.41316428780555725,0.17569583654403687
2023-02-02 08:04:25.086000,-0.5037710666656494,0.17685478925704956
2023-02-02 08:05:24.654000,-0.5490360260009766,0.16574746370315552
2023-02-02 08:06:24.682000,-0.5665883421897888,0.16074557602405548
2023-02-02 08:07:24.698000,-0.5753187537193298,0.1570659726858139
2023-02-02 08:08:24.624000,-0.43137145042419434,0.1545698046684265
2023-02-02 08:09:24.669000,-0.5461760759353638,0.15244650840759277
2023-02-02 08:10:24.727000,-0.5182677507400513,0.15112346410751343
2023-02-02 08:11:24.705000,-0.44307103753089905,0.1506364494562149
2023-02-02 08:12:24.654000,-0.441022127866745,0.14806927740573883
2023-02-02 08:13:24.763000,-0.518549919128418,0.14091680943965912
2023-02-02 08:14:24.645000,-0.5732508897781372,0.13295969367027283
2023-02-02 08:15:24.702000,-0.4705555737018585,0.12778915464878082
2023-02-02 08:16:24.777000,-0.44722700119018555,0.12660254538059235
2023-02-02 08:17:24.619000,-0.4370559751987457,0.12704291939735413
2023-02-02 08:18:24.682000,-0.5244952440261841,0.12846748530864716
2023-02-02 08:19:24.632000,-0.5798300504684448,0.12872549891471863
2023-02-02 08:20:24.746000,-0.4418819546699524,0.12802192568778992
2023-02-02 08:21:24.622000,-0.45583397150039673,0.12830695509910583
2023-02-02 08:22:24.722000,-0.43632471561431885,0.1286308914422989
2023-02-02 08:23:24.567000,-0.5395093560218811,0.12441939860582352
2023-02-02 08:24:24.603000,-0.5456593036651611,0.11728480458259583
2023-02-02 08:25:24.773000,-0.4552198648452759,0.11149729043245316
2023-02-02 08:26:24.748000,-0.4566391408443451,0.10781984776258469
2023-02-02 08:27:24.665000,-0.45028921961784363,0.10562321543693542
2023-02-02 08:28:24.598000,-0.4695418179035187,0.10438431054353714
2023-02-02 08:29:24.651000,-0.5619359612464905,0.10365791618824005
2023-02-02 08:30:24.564000,-0.5117412805557251,0.10351484268903732
2023-02-02 08:31:24.559000,-0.46453410387039185,0.10350095480680466
2023-02-02 08:32:24.564000,-0.4508706033229828,0.1028221845626831
2023-02-02 08:33:24.637000,-0.45306214690208435,0.1011318489909172
2023-02-02 08:34:24.663000,-0.4772421419620514,0.09774025529623032
2023-02-02 08:35:24.575000,-0.5516664385795593,0.09336300194263458
2023-02-02 08:36:24.613000,-0.5422791838645935,0.08778722584247589
2023-02-02 08:37:24.633000,-0.44210222363471985,0.08250302821397781
2023-02-02 08:38:24.618000,-0.4477505683898926,0.06268618255853653
2023-02-02 08:39:24.583000,-0.4480830430984497,0.02602311782538891
2023-02-02 08:40:24.531000,-0.5774925351142883,0.020576925948262215
2023-02-02 08:41:24.599000,-0.47293370962142944,0.01719997078180313
2023-02-02 08:42:24.678000,-0.45429494976997375,0.013927333056926727
2023-02-02 08:43:24.593000,-0.4287120997905731,0.01085748616605997
2023-02-02 08:44:24.649000,-0.45228180289268494,0.008829638361930847
2023-02-02 08:45:24.616000,-0.5425248146057129,0.006736305542290211
2023-02-02 08:46:24.568000,-0.5271959900856018,0.0050092050805687904
2023-02-02 08:47:24.609000,-0.44975727796554565,0.0037854884285479784
2023-02-02 08:48:24.658000,-0.4398888051509857,0.002862999914214015
2023-02-02 08:49:24.595000,-0.4547373354434967,-0.000839210522826761
2023-02-02 08:50:24.610000,-0.6214974522590637,-0.0023294412530958652
2023-02-02 08:51:24.535000,-0.6553831696510315,-0.0022690000478178263
2023-02-02 08:52:24.528000,-0.47474542260169983,-0.002279239008203149
2023-02-02 08:53:24.646000,-0.47091811895370483,-0.002286461414769292
2023-02-02 08:54:24.555000,-2.5377707481384277,-0.0021800000686198473
2023-02-02 08:55:24.587000,-2.4934654235839844,-0.0022331394720822573
2023-02-02 08:56:24.614000,-2.5589239597320557,-0.0022503500804305077
2023-02-02 08:57:24.503000,-2.5197806358337402,-0.002234542742371559
2023-02-02 08:58:24.596000,-1.094307541847229,-0.0022982105147093534
2023-02-02 08:59:24.483000,-0.5059024095535278,-0.0022451248951256275
2023-02-02 09:00:24.584000,-0.5099068880081177,-0.0022429772652685642
2023-02-02 09:01:24.538000,-0.6043124794960022,-0.0022803235333412886
2023-02-02 09:02:24.787000,-0.6004965305328369,-0.002232076833024621
2023-02-02 09:03:24.634000,-0.48342013359069824,-0.0022912200074642897
2023-02-02 09:04:24.672000,-0.46411746740341187,-0.0022842728067189455
2023-02-02 09:05:24.539000,-0.5088944435119629,-0.002263156231492758
2023-02-02 09:06:24.585000,-0.5838456749916077,-0.002321428619325161
2023-02-02 09:07:24.578000,-0.6506032347679138,-0.002287954557687044
2023-02-02 09:08:24.605000,-0.5320269465446472,-0.0022878460586071014
2023-02-02 09:09:24.572000,-0.6256290078163147,-0.002275166567414999
2023-02-02 09:10:24.512000,-0.7070251107215881,-0.0022730000782757998
2023-02-02 09:11:24.472000,-0.6518304944038391,-0.002297166734933853
2023-02-02 09:12:24.581000,-0.6395225524902344,-0.002290045376867056
2023-02-02 09:13:24.559000,-0.6530791521072388,-0.0022140226792544127
2023-02-02 09:14:24.622000,-0.571808397769928,-0.0022401080932468176
2023-02-02 09:15:24.508000,-0.5961330533027649,-0.002354771364480257
2023-02-02 09:16:24.528000,-0.5506129264831543,-0.0022436589933931828
2023-02-02 09:17:24.882000,-0.5461488366127014,-0.0024304615799337626
2023-02-02 09:18:24.893000,-0.5997543334960938,-0.0024078460410237312
2023-02-02 09:19:24.575000,-0.5654885768890381,-0.002291944343596697
2023-02-02 09:20:24.563000,-0.4790821373462677,-0.0024013721849769354
2023-02-02 09:21:24.626000,-0.4929998815059662,-0.0024126097559928894
2023-02-02 09:22:24.574000,-0.6098995208740234,-0.0023982571437954903
2023-02-02 09:23:24.562000,-0.5956178307533264,-0.002325763227418065
2023-02-02 09:24:24.515000,-0.5038143992424011,-0.0023567499592900276
2023-02-02 09:25:24.615000,-0.5083135366439819,-0.002368000103160739
2023-02-02 09:26:24.577000,-1.91737699508667,-0.002204375108703971
2023-02-02 09:27:24.598000,-1.168294072151184,-0.002330707386136055
2023-02-02 09:28:24.472000,-0.549475371837616,-0.0023652727250009775
2023-02-02 09:29:24.555000,-0.5802496671676636,-0.002280079061165452
2023-02-02 09:30:24.912000,-0.48610594868659973,-0.002272714162245393
2023-02-02 09:31:24.495000,-0.46301838755607605,-0.0022725756280124187
2023-02-02 09:32:24.459000,-0.4737483263015747,-0.0022777142003178596
2023-02-02 09:33:24.526000,-0.5829307436943054,-0.0022809512447565794
2023-02-02 09:34:24.515000,-0.5552582144737244,-0.00222597224637866
2023-02-02 09:35:24.507000,-0.49503302574157715,-0.0022140000946819782
2023-02-02 09:36:24.516000,-0.4798199534416199,-0.0022496841847896576
2023-02-02 09:37:24.539000,-0.4950246512889862,-0.002295526210218668
2023-02-02 09:38:24.476000,-0.563969075679779,-0.002346069784834981
2023-02-02 09:39:24.577000,-0.5633572340011597,-0.0022627566941082478
2023-02-02 09:40:24.541000,-0.531983494758606,-0.00230021052993834
2023-02-02 09:41:24.526000,-0.4671376347541809,-0.002374411793425679
2023-02-02 09:42:24.558000,-0.4834739863872528,-0.0023538500536233187
2023-02-02 09:43:24.542000,-0.4767724573612213,-0.002336729085072875
2023-02-02 09:44:24.507000,-0.5526737570762634,-0.0023110227193683386
2023-02-02 09:45:24.679000,-0.5982638597488403,-0.0023256922140717506
2023-02-02 09:46:24.554000,-0.47872424125671387,-0.0023461352102458477
2023-02-02 09:47:24.427000,-0.474732905626297,-0.002397600095719099
2023-02-02 09:48:25.041000,-0.4583182632923126,-0.002346128923818469
2023-02-02 09:49:24.424000,-0.49457183480262756,-0.0023247632198035717
2023-02-02 09:50:24.432000,-0.530488133430481,-0.0022805999033153057
2023-02-02 09:51:24.505000,-0.4609372615814209,-0.0023941488470882177
2023-02-02 09:52:24.458000,-0.4209323823451996,-0.002282733330503106
2023-02-02 09:53:24.559000,-0.42801913619041443,-0.00241179415024817
2023-02-02 09:54:24.576000,-0.5241961479187012,-0.0023427691776305437
2023-02-02 09:55:24.867000,-0.6007577776908875,-0.002377158962190151
2023-02-02 09:56:24.511000,-0.5979233384132385,-0.002343524945899844
2023-02-02 09:57:24.521000,-0.5060738921165466,-0.002401212230324745
2023-02-02 09:58:24.920000,-0.43098950386047363,-0.0023417749907821417
2023-02-02 09:59:24.538000,-0.45781636238098145,-0.0023413912858814
2023-02-02 10:00:24.569000,-0.5419116616249084,-0.002344324253499508
2023-02-02 10:01:24.476000,-0.4841165840625763,-0.0023209131322801113
2023-02-02 10:02:24.406000,-0.4127020835876465,-0.002341297222301364
2023-02-02 10:03:24.412000,-0.4114224910736084,-0.0023463256657123566
2023-02-02 10:04:24.447000,-0.4486725330352783,-0.002308513503521681
2023-02-02 10:05:24.478000,-0.5261034369468689,-0.0023010624572634697
2023-02-02 10:06:24.391000,-0.5474627614021301,-0.0022562057711184025
2023-02-02 10:07:24.589000,-0.4691692590713501,-0.0024169706739485264
2023-02-02 10:08:24.548000,-0.4304865300655365,-0.0022906316444277763
2023-02-02 10:09:24.392000,-0.44314080476760864,-0.0021947803907096386
2023-02-02 10:10:24.481000,-0.4806509017944336,-0.0023572554346174
2023-02-02 10:11:24.914000,-0.5661436319351196,-0.0023392667062580585
2023-02-02 10:12:24.404000,-0.5375296473503113,-0.002225742908194661
2023-02-02 10:13:24.518000,-0.46291348338127136,-0.0023066389840096235
2023-02-02 10:14:24.463000,-0.481040358543396,-0.002297899918630719
2023-02-02 10:15:24.416000,-0.6352051496505737,-0.0023085675202310085
2023-02-02 10:16:24.384000,-0.6895036101341248,-0.0023264209739863873
2023-02-02 10:17:24.530000,-0.614295244216919,-0.0022555142641067505
2023-02-02 10:18:24.525000,-0.44060251116752625,-0.002357952296733856
2023-02-02 10:19:24.530000,-0.4205310642719269,-0.0022960000205785036
2023-02-02 10:20:24.458000,-0.4416255056858063,-0.002262454479932785
2023-02-02 10:21:24.470000,-0.5259653925895691,-0.0023399742785841227
2023-02-02 10:22:24.504000,-0.5563794374465942,-0.0023243436589837074
2023-02-02 10:23:24.411000,-0.4282812476158142,-0.0023498856462538242
2023-02-02 10:24:24.475000,-0.42854487895965576,-0.0023326976224780083
2023-02-02 10:25:24.440000,-0.43810710310935974,-0.002312128199264407
2023-02-02 10:26:24.971000,-0.5068660378456116,-0.002325116191059351
2023-02-02 10:27:24.483000,-0.5115634799003601,-0.002320161322131753
2023-02-02 10:28:24.502000,-0.452685683965683,-0.0022866216022521257
2023-02-02 10:29:24.781000,-0.4272361993789673,-0.0023392443545162678
2023-02-02 10:30:24.690000,-0.40557581186294556,-0.0023631190415471792
2023-02-02 10:31:24.473000,-0.43149352073669434,-0.002270414726808667
2023-02-02 10:32:24.485000,-0.526806652545929,-0.00224395003169775
2023-02-02 10:33:24.402000,-0.5027871131896973,-0.0022920644842088223
2023-02-02 10:34:24.387000,-0.4242105185985565,-0.0022913499269634485
2023-02-02 10:35:24.463000,-0.42711693048477173,-0.002258783672004938
2023-02-02 10:36:24.419000,-0.44543591141700745,-0.002304400084540248
2023-02-02 10:37:24.982000,-0.4376028776168823,-0.002386000007390976
2023-02-02 10:38:24.466000,-0.5403960943222046,-0.002318944316357374
2023-02-02 10:39:24.822000,-0.5368918776512146,-0.0022403590846806765
2023-02-02 10:40:24.469000,-0.44414278864860535,-0.002378368517383933
2023-02-02 10:41:24.349000,-0.42806077003479004,-0.002337302314117551
2023-02-02 10:42:24.417000,-0.3980024755001068,-0.0022595778573304415
2023-02-02 10:43:24.399000,-0.4532696306705475,-0.0023397027980536222
2023-02-02 10:44:24.431000,-0.5197029709815979,-0.0024349705781787634
2023-02-02 10:45:24.332000,-0.47106945514678955,-0.0023336922749876976
2023-02-02 10:46:24.801000,-0.413467139005661,-0.0023672999814152718
2023-02-02 10:47:24.438000,-0.40982508659362793,-0.002368171466514468
2023-02-02 10:48:24.393000,-0.42654329538345337,-0.002345777815207839
2023-02-02 10:49:24.361000,-0.5366252064704895,-0.0023807878606021404
2023-02-02 10:50:24.740000,-0.49020448327064514,-0.002311538439244032
2023-02-02 10:51:24.458000,-0.4251914322376251,-0.0022331303916871548
2023-02-02 10:52:24.354000,-0.4058355391025543,-0.0023579474072903395
2023-02-02 10:53:24.427000,-0.4647964537143707,-0.0023869629949331284
2023-02-02 10:54:24.380000,-0.5925537347793579,-0.002336638979613781
2023-02-02 10:55:24.337000,-0.5636662840843201,-0.0023124285507947206
2023-02-02 10:56:24.859000,-0.46571746468544006,-0.0023366857785731554
2023-02-02 10:57:24.439000,-0.44854292273521423,-0.0023155640810728073
2023-02-02 10:58:24.382000,-0.5337112545967102,-0.002351466566324234
2023-02-02 10:59:24.348000,-0.5803647637367249,-0.0023179000709205866
2023-02-02 11:00:24.408000,-0.6240339875221252,-0.0024266578257083893
2023-02-02 11:01:24.404000,-0.5964312553405762,-0.002350447466596961
2023-02-02 11:02:24.314000,-0.45316797494888306,-0.0023250000085681677
2023-02-02 11:03:24.366000,-0.5832944512367249,-0.0023331190459430218
2023-02-02 11:04:24.449000,-0.4231121838092804,-0.0023580000270158052
2023-02-02 11:05:24.389000,-0.4220607578754425,-0.002314512152224779
2023-02-02 11:06:24.383000,-0.43834397196769714,-0.0024066665209829807
2023-02-02 11:07:24.848000,-0.5226739048957825,-0.002330595161765814
2023-02-02 11:08:24.318000,-0.5307419896125793,-0.0023306841030716896
2023-02-02 11:09:24.435000,-0.45713475346565247,-0.002343302359804511
2023-02-02 11:10:24.283000,-0.4461785554885864,-0.0022561943624168634
2023-02-02 11:11:24.538000,-0.4257068336009979,-0.0023382105864584446
2023-02-02 11:12:24.306000,-0.4685702919960022,-0.002372153801843524
2023-02-02 11:13:24.306000,-0.524280309677124,-0.002367760054767132
2023-02-02 11:14:24.343000,-0.44052058458328247,-0.0023762499913573265
2023-02-02 11:15:24.738000,-0.4155329763889313,-0.0024076977279037237
2023-02-02 11:16:24.351000,-0.4159484803676605,-0.00230369227938354
2023-02-02 11:17:24.625000,-0.5255230069160461,-0.002359095262363553
2023-02-02 11:18:24.338000,-0.5531787872314453,-0.0023222630843520164
2023-02-02 11:19:24.700000,-0.45149821043014526,-0.0022461290936917067
2023-02-02 11:20:24.440000,-0.5889514684677124,-0.0023691316600888968
2023-02-02 11:21:24.413000,-0.6197609901428223,-0.002357171382755041
2023-02-02 11:22:24.419000,-0.6068053841590881,-0.0023996757809072733
2023-02-02 11:23:24.361000,-0.5441345572471619,-0.002322516171261668
2023-02-02 11:24:24.431000,-0.4564095735549927,-0.002265023300424218
2023-02-02 11:25:24.332000,-0.4642094373703003,-0.0022947811521589756
2023-02-02 11:26:24.328000,-0.4476486146450043,-0.002356673823669553
2023-02-02 11:27:24.293000,-0.5295236110687256,-0.0023508684244006872
2023-02-02 11:28:24.367000,-0.5865594148635864,-0.002286594593897462
2023-02-02 11:29:24.351000,-0.45635342597961426,-0.0023332128766924143
2023-02-02 11:30:24.340000,-0.45618003606796265,-0.0022249678149819374
2023-02-02 11:31:24.325000,-0.4399823546409607,-0.0024169189855456352
2023-02-02 11:32:24.414000,-0.5379255414009094,-0.0023385263048112392
2023-02-02 11:33:24.315000,-0.5635884404182434,-0.0023437715135514736
2023-02-02 11:34:24.555000,-0.4524242579936981,-0.0023249743971973658
2023-02-02 11:35:24.426000,-0.4470391869544983,-0.0024266999680548906
2023-02-02 11:36:24.914000,-0.4623502194881439,-0.0023405516985803843
2023-02-02 11:37:24.907000,-0.5195127725601196,-0.002285593654960394
2023-02-02 11:38:24.387000,-0.5557364225387573,-0.0023340696934610605
2023-02-02 11:39:24.900000,-0.4557621479034424,-0.0023434865288436413
2023-02-02 11:40:24.298000,-0.45263075828552246,-0.0023479736410081387
2023-02-02 11:41:24.355000,-0.46509304642677307,-0.002360275946557522
2023-02-02 11:42:24.472000,-0.5140796303749084,-0.0024047999177128077
2023-02-02 11:43:24.448000,-0.614109456539154,-0.0023639474529772997
2023-02-02 11:44:24.876000,-0.4797362983226776,-0.002351552713662386
2023-02-02 11:45:24.355000,-0.4453643262386322,-0.0024142367765307426
2023-02-02 11:46:24.301000,-0.4400555491447449,-0.002324675675481558
2023-02-02 11:47:24.586000,-0.5235379338264465,-0.00231107696890831
2023-02-02 11:48:24.819000,-0.5666311979293823,-0.002398955635726452
2023-02-02 11:49:24.254000,-0.4342958629131317,-0.002320593688637018
2023-02-02 11:50:24.644000,-0.44457992911338806,-0.0024253029841929674
2023-02-02 11:51:24.331000,-0.443033367395401,-0.002278529340401292
2023-02-02 11:52:25.062000,-0.5822325348854065,-0.0023002498783171177
2023-02-02 11:53:24.596000,-0.5016645789146423,-0.0023921190295368433
2023-02-02 11:54:24.610000,-0.4459927976131439,-0.0023471498861908913
2023-02-02 11:55:24.773000,-0.4824971854686737,-0.002314909128472209
2023-02-02 11:56:24.355000,-0.46748432517051697,-0.002402625046670437
2023-02-02 11:57:24.715000,-0.6062146425247192,-0.002403540536761284
2023-02-02 11:58:24.726000,-0.4824296534061432,-0.002385874977335334
2023-02-02 11:59:24.590000,-0.44840535521507263,-0.0023858605418354273
2023-02-02 12:00:24.316000,-0.42585575580596924,-0.0024263528175652027
2023-02-02 12:01:24.219000,-2.1218228340148926,-0.0023182162549346685
2023-02-02 12:02:24.732000,-2.6184146404266357,-0.002416351344436407
2023-02-02 12:03:24.296000,-0.5674548745155334,-0.0024155897554010153
2023-02-02 12:04:24.265000,-0.4649210572242737,-0.002341904677450657
2023-02-02 12:05:24.233000,-0.4835033416748047,-0.0023196765687316656
2023-02-02 12:06:24.618000,-0.7516399621963501,-0.0023387691471725702
2023-02-02 12:07:24.322000,-0.5483005046844482,-0.002369069727137685
2023-02-02 12:08:24.677000,-0.44255295395851135,-0.0023864705581218004
2023-02-02 12:09:24.328000,-0.4454028606414795,-0.002379976212978363
2023-02-02 12:10:24.355000,-0.5657957792282104,-0.002409916603937745
2023-02-02 12:11:24.371000,-0.5134038329124451,-0.0024669375270605087
2023-02-02 12:12:24.237000,-0.45780906081199646,-0.0024636341258883476
2023-02-02 12:13:24.657000,-0.4669225513935089,-0.0024236903991550207
2023-02-02 12:14:24.317000,-0.4786689579486847,-0.0024307561106979847
2023-02-02 12:15:24.237000,-0.5625728368759155,-0.0022442571353167295
2023-02-02 12:16:24.595000,-0.5731052756309509,-0.0024270613212138414
2023-02-02 12:17:24.559000,-0.44592908024787903,-0.0024411315098404884
2023-02-02 12:18:24.335000,-0.4239741265773773,-0.0024220976047217846
2023-02-02 12:19:24.710000,-0.42624038457870483,-0.0024213427677750587
2023-02-02 12:20:24.501000,-0.5153796672821045,-0.0023327297531068325
2023-02-02 12:21:24.259000,-0.4939332902431488,-0.002382888924330473
2023-02-02 12:22:24.187000,-0.3940424621105194,-0.002400973578915
2023-02-02 12:23:24.719000,-0.41497325897216797,-0.0023894221521914005
2023-02-02 12:24:24.839000,-0.4898585081100464,-0.002335249911993742
2023-02-02 12:25:24.576000,-0.5554800033569336,-0.002456891816109419
2023-02-02 12:26:24.596000,-0.44252029061317444,-0.0023214761167764664
2023-02-02 12:27:24.245000,-0.5807751417160034,-0.002442351309582591
2023-02-02 12:28:24.332000,-0.5742665529251099,-0.0023672571405768394
2023-02-02 12:29:24.335000,-0.5771564841270447,-0.0023215312976390123
2023-02-02 12:30:24.144000,-0.5211496353149414,-0.002268884563818574
2023-02-02 12:31:24.225000,-0.4567803740501404,-0.002389583270996809
2023-02-02 12:32:24.259000,-0.467282235622406,-0.002410088200122118
2023-02-02 12:33:24.516000,-0.5180516242980957,-0.0024283870588988066
2023-02-02 12:34:24.512000,-0.647773027420044,-0.0023960385005921125
2023-02-02 12:35:24.242000,-0.5174598693847656,-0.0024163334164768457
2023-02-02 12:36:24.310000,-0.49756351113319397,-0.0023973332718014717
2023-02-02 12:37:24.264000,-0.4781515896320343,-0.002469833241775632
2023-02-02 12:38:24.294000,-0.6078988909721375,-0.0023461051750928164
2023-02-02 12:39:24.253000,-0.5643690228462219,-0.0023387856781482697
2023-02-02 12:40:24.559000,-0.473318487405777,-0.0023419393692165613
2023-02-02 12:41:24.464000,-0.47538384795188904,-0.0023210938088595867
2023-02-02 12:42:24.551000,-0.5882276892662048,-0.0023223236203193665
2023-02-02 12:43:24.275000,-0.5738301873207092,-0.0024650748819112778
2023-02-02 12:44:24.213000,-0.4698880910873413,-0.002287857234477997
2023-02-02 12:45:24.219000,-0.49418777227401733,-0.0023908750154078007
2023-02-02 12:46:24.221000,-0.4729885756969452,-0.002339648548513651
2023-02-02 12:47:24.194000,-0.5254284739494324,-0.002409526379778981
2023-02-02 12:48:24.739000,-0.5969468951225281,-0.002278937492519617
2023-02-02 12:49:24.541000,-0.49689981341362,-0.0023974194191396236
2023-02-02 12:50:24.487000,-0.47399216890335083,-0.002485864795744419
2023-02-02 12:51:24.272000,-0.4618193507194519,-0.0022455952130258083
2023-02-02 12:52:24.337000,-0.48501601815223694,-0.0023435999173671007
2023-02-02 12:53:24.162000,-0.6049631834030151,-0.0023291250690817833
2023-02-02 12:54:24.186000,-0.47707998752593994,-0.002276642946526408
2023-02-02 12:55:24.292000,-0.47560766339302063,-0.0023855227045714855
2023-02-02 12:56:24.709000,-0.46412819623947144,-0.0023696585558354855
2023-02-02 12:57:24.711000,-0.584493100643158,-0.0023914286866784096
2023-02-02 12:58:24.649000,-0.5217800736427307,-0.002412833273410797
2023-02-02 12:59:24.761000,-0.4731294810771942,-0.002437395276501775
2023-02-02 13:00:24.651000,-0.4570927023887634,-0.0025687499437481165
2023-02-02 13:01:24.657000,-0.46806690096855164,-0.0025366363115608692
2023-02-02 13:02:24.268000,-0.6014819741249084,-0.0024441080167889595
2023-02-02 13:03:24.722000,-0.5062107443809509,-0.002356723416596651
2023-02-02 13:04:24.488000,-0.4583274722099304,-0.0024513171520084143
2023-02-02 13:05:24.562000,-0.4700329303741455,-0.0023332193959504366
2023-02-02 13:06:24.138000,-0.5719754099845886,-0.0024155143182724714
2023-02-02 13:07:24.212000,-0.5598846077919006,-0.0025304192677140236
2023-02-02 13:08:24.657000,-0.4732512831687927,-0.002449030289426446
2023-02-02 13:09:24.683000,-0.47201403975486755,-0.002429825020954013
2023-02-02 13:10:24.100000,-0.49308428168296814,-0.0024164116475731134
2023-02-02 13:11:24.579000,-0.5845221281051636,-0.002522124908864498
2023-02-02 13:12:24.457000,-0.5326175689697266,-0.002397742820903659
2023-02-02 13:13:24.768000,-0.6073594689369202,-0.002360090846195817
2023-02-02 13:14:24.661000,-0.5996279120445251,-0.0023828609846532345
2023-02-02 13:15:24.693000,-0.5773261785507202,-0.002394547685980797
2023-02-02 13:16:24.189000,-0.5890160202980042,-0.0022504443768411875
2023-02-02 13:17:24.527000,-0.47524112462997437,-0.002405190374702215
2023-02-02 13:18:24.239000,-0.45727285742759705,-0.0024011945351958275
2023-02-02 13:19:24.497000,-0.4545997381210327,-0.0024248610716313124
2023-02-02 13:20:24.967000,-0.5738953948020935,-0.0024355952627956867
2023-02-02 13:21:24.762000,-0.5576461553573608,-0.00237709516659379
2023-02-02 13:22:24.211000,-0.4588703513145447,-0.002401139587163925
2023-02-02 13:23:24.663000,-0.4551699757575989,-0.0024119149893522263
2023-02-02 13:24:24.407000,-0.5121737718582153,-0.0023788928519934416
2023-02-02 13:25:24.524000,-0.6441442966461182,-0.0023605250753462315
2023-02-02 13:26:24.259000,-0.5246469378471375,-0.002397216157987714
2023-02-02 13:27:24.653000,-0.5051754713058472,-0.002453552559018135
2023-02-02 13:28:24.191000,-0.4969234764575958,-0.002464571502059698
2023-02-02 13:29:24.422000,-0.5506229400634766,-0.002393359085544944
2023-02-02 13:30:24.317000,-0.6141936779022217,-0.002447156235575676
2023-02-02 13:31:24.448000,-0.5367187857627869,-0.0025317296385765076
2023-02-02 13:32:24.592000,-0.4860896170139313,-0.0024497751146554947
2023-02-02 13:33:24.627000,-0.4404183328151703,-0.0023440769873559475
2023-02-02 13:34:24.698000,-0.5861803889274597,-0.002370657166466117
2023-02-02 13:35:24.090000,-0.6907064318656921,-0.0024154046550393105
2023-02-02 13:36:24.485000,-0.5585571527481079,-0.0024163713678717613
2023-02-02 13:37:24.198000,-0.45654311776161194,-0.0024752141907811165
2023-02-02 13:38:24.126000,-0.4549810290336609,-0.0023828139528632164
2023-02-02 13:39:24.546000,-0.43497011065483093,-0.002369724912568927
2023-02-02 13:40:24.542000,-0.5459257364273071,-0.0024492160882800817
2023-02-02 13:41:24.656000,-0.5053778886795044,-0.0022802308667451143
2023-02-02 13:42:24.183000,-0.4291762709617615,-0.002311500022187829
2023-02-02 13:43:24.117000,-0.4458073079586029,-0.002409333363175392
2023-02-02 13:44:24.114000,-0.43892449140548706,-0.0023386667016893625
2023-02-02 13:45:24.599000,-0.5600166320800781,-0.0024555556010454893
2023-02-02 13:46:24.189000,-0.45841872692108154,-0.0023554249200969934
2023-02-02 13:47:24.207000,-0.4350879490375519,-0.002358102472499013
2023-02-02 13:48:24.549000,-0.4601544439792633,-0.0024277297779917717
2023-02-02 13:49:24.663000,-0.5622419118881226,-0.0022878125309944153
2023-02-02 13:50:24.200000,-0.5798073410987854,-0.0024667272809892893
2023-02-02 13:51:24.430000,-0.46705520153045654,-0.002305612899363041
2023-02-02 13:52:24.146000,-0.4797237813472748,-0.002526974305510521
2023-02-02 13:53:24.530000,-0.49716925621032715,-0.0024062050506472588
2023-02-02 13:54:24.332000,-0.5546180605888367,-0.002345853019505739
2023-02-02 13:55:24.520000,-0.6265090703964233,-0.002390289446339011
2023-02-02 13:56:24.560000,-0.509304404258728,-0.0024072325322777033
2023-02-02 13:57:24.690000,-0.5059515237808228,-0.0024034634698182344
2023-02-02 13:58:24.162000,-0.4884476065635681,-0.0024085226468741894
2023-02-02 13:59:24.378000,-0.49666330218315125,-0.0023116841912269592
2023-02-02 14:00:24.474000,-0.5993554592132568,-0.0023678001016378403
2023-02-02 14:01:24.409000,-0.5499379634857178,-0.0023746578954160213
2023-02-02 14:02:24.633000,-0.48254716396331787,-0.002413675654679537
2023-02-02 14:03:24.167000,-0.4682312607765198,-0.0024407673627138138
2023-02-02 14:04:24.092000,-0.47374972701072693,-0.0023734737187623978
2023-02-02 14:05:24.097000,-0.5842324495315552,-0.0022718498948961496
2023-02-02 14:06:24.490000,-0.5137237310409546,-0.002394194481894374
2023-02-02 14:07:24.373000,-0.4604291021823883,-0.002379810903221369
2023-02-02 14:08:24.614000,-0.4598638415336609,-0.0023670790251344442
2023-02-02 14:09:24.782000,-0.46764200925827026,-0.0023828824050724506
2023-02-02 14:10:24.511000,-0.545131504535675,-0.00238123070448637
2023-02-02 14:11:24.535000,-0.5454921126365662,-0.0023096667136996984
2023-02-02 14:12:24.491000,-0.4532065689563751,-0.002436848357319832
2023-02-02 14:13:24.548000,-0.4564410448074341,-0.0025083529762923717
2023-02-02 14:14:24.213000,-0.45114052295684814,-0.002435239963233471
2023-02-02 14:15:24.468000,-0.5423822999000549,-0.002478714333847165
2023-02-02 14:16:24.073000,-0.5537981390953064,-0.002169968793168664
2023-02-02 14:17:24.652000,-0.45047712326049805,-0.0022491111885756254
2023-02-02 14:18:24.339000,-0.46814364194869995,-0.002348742913454771
2023-02-02 14:19:24.554000,-0.4708399176597595,-0.002308526309207082
2023-02-02 14:20:24.020000,-0.534263014793396,-0.002393258037045598
2023-02-02 14:21:24.010000,-0.6965928673744202,-0.0024372367188334465
2023-02-02 14:22:24.576000,-0.6545636057853699,-0.0022577436175197363
2023-02-02 14:23:24.380000,-0.4333116114139557,-0.0023497999645769596
2023-02-02 14:24:24.328000,-0.4638041853904724,-0.0022929999977350235
2023-02-02 14:25:24.387000,-0.47826558351516724,-0.00232674996368587
2023-02-02 14:26:24.441000,-0.5255970358848572,-0.002225999953225255
2023-02-02 14:27:24.424000,-0.5947186350822449,-0.002352052601054311
2023-02-02 14:28:24.335000,-0.45585912466049194,-0.002274522790685296
2023-02-02 14:29:24.010000,-0.4559266269207001,-0.002316131489351392
2023-02-02 14:30:24.457000,-0.48401886224746704,-0.002417058916762471
2023-02-02 14:31:24.359000,-0.577923059463501,-0.002332206815481186
2023-02-02 14:32:24.386000,-0.5348957180976868,-0.0024398372042924166
2023-02-02 14:33:24.040000,-0.4615415334701538,-0.0023391591385006905
2023-02-02 14:34:24.383000,-0.4814649522304535,-0.0023400571662932634
2023-02-02 14:35:24.360000,-0.5242488980293274,-0.0023358529433608055
2023-02-02 14:36:24.430000,-0.5825592875480652,-0.0024821667466312647
